65,294,738,775,510,237,534,288,614,690,921,102,280,247,817,350,111,702,256,954,934,917,971,958,492,846,770,759,591,259,81,444,212,515,299,488,49,754,327,553,619,192,962,569,208,808,421,196,269,820,465,889,93,923,865,39,404,962,501,221,303,180,851,223,719,141,491,305,657,98,32,538,691,577,141,358,624,890,874,108,121,355,931,51,441,375,356,6,78,623,747,791,861,749,473,918,773,957,911,658
156,793,99,952,418,2,536,605,447,258,787,971,866,89,246,516,103,982,640,634,566,360,253,173,602,279,379,439,310,528,348,925,955,342,209,105,10,967,642,770,895,662,294,814,446,347,399,806,517,868,507,357,379,560,239,156,725,94,180,851,779,623,495,130,911,700,422,38,815,465,742,383,664,424,695,445,4,620,25,59,198,630,810,352,996,471,364,765,997,429,469,811,924,244,609,791,186,946,582,284
613,259,45,789,320,223,236,74,227,342,959,402,595,814,743,570,568,5,498,586,849,667,382,813,117,122,736,545,426,344,501,440,189,937,454,168,852,604,215,260,178,140,777,63,617,637,322,126,793,788,527,592,937,73,635,726,94,94,999,99,568,739,45,449,10,912,168,479,378,126,193,835,768,785,734,204,190,252,581,497,11,306,855,984,292,803,380,248,740,422,267,824,581,649,860,768,950,495,988,857
613,771,279,638,596,503,396,889,343,406,891,121,434,657,400,496,685,482,10,800,693,801,314,285,140,827,309,3,223,362,941,104,167,674,934,458,308,834,436,684,517,2,786,142,414,651,242,358,307,319,803,147,660,803,269,859,852,337,590,286,353,276,176,444,68,401,247,349,452,410,777,679,284,991,604,578,507,731,419,61,122,149,108,335,142,347,954,842,218,303,158,528,182,661,94,876,118,600,886,633
802,244,858,779,17,766,822,7,330,346,703,905,181,593,571,85,214,242,77,91,278,300,314,490,545,832,926,231,303,473,944,97,86,346,298,14,967,597,934,694,309,609,836,332,403,37,856,733,228,357,404,436,680,85,441,816,479,838,837,370,332,670,140,382,952,562,211,550,553,716,363,724,250,497,919,366,168,87,664,639,366,40,658,933,250,21,244,393,252,921,246,738,390,350,989,147,417,30,176,79
67,291,989,243,734,60,136,828,321,889,645,161,740,109,725,951,993,159,524,989,890,690,788,354,760,657,738,304,463,73,172,516,9,475,277,704,666,844,498,643,270,962,98,276,220,817,581,982,871,167,789,762,721,290,576,779,197,236,843,266,962,948,572,182,597,175,782,913,245,946,851,435,829,322,468,394,956,77,540,967,870,969,407,385,257,881,365,462,288,993,151,765,222,706,419,90,559,434,515,849
525,632,130,141,670,804,649,26,972,952,163,388,441,623,78,149,986,537,325,367,860,156,540,943,594,10,677,562,983,92,114,220,166,212,719,560,3,22,551,524,620,14,31,791,328,688,719,352,462,76,101,834,461,19,851,694,730,740,292,274,751,951,946,568,266,641,191,145,248,148,455,458,837,154,651,646,397,425,634,232,253,517,620,134,743,417,324,675,589,923,671,75,766,679,191,967,632,330,609,955
475,147,686,80,502,610,455,459,764,110,880,38,973,343,239,608,439,116,879,89,798,92,266,850,594,901,426,692,482,429,263,235,459,811,182,843,727,177,775,680,5,190,527,208,891,629,384,622,558,988,624,786,18,741,614,398,564,647,763,147,104,525,676,726,75,759,615,992,149,37,118,155,765,340,335,627,506,290,211,510,809,562,265,834,331,832,879,706,132,697,782,507,613,834,278,154,281,98,537,368
926,400,253,72,426,498,86,388,934,3,414,981,816,758,271,708,951,742,666,660,153,578,780,638,886,667,298,784,527,37,725,398,408,906,515,196,381,227,27,824,260,153,718,506,942,715,242,701,411,500,604,226,812,544,842,351,199,673,30,495,376,62,674,580,543,35,531,412,790,229,290,206,870,114,229,786,871,342,107,96,313,232,46,822,991,686,318,202,204,910,195,420,767,368,697,889,916,879,996,768
410,196,422,286,137,153,783,877,462,695,972,614,805,483,510,65,233,748,831,597,545,68,289,78,745,666,858,390,530,348,998,177,744,986,331,929,659,861,571,46,730,520,704,995,962,439,329,114,261,807,266,505,400,428,297,778,19,274,76,267,850,744,595,697,314,955,289,559,100,417,925,569,404,577,578,881,120,689,148,181,10,995,368,886,598,246,635,388,977,573,84,411,666,908,108,884,938,50,65,467
579,503,209,838,657,539,15,595,854,35,649,213,88,165,433,911,90,282,118,674,446,410,857,120,169,795,181,441,565,718,136,931,168,801,711,625,313,259,484,172,950,157,869,348,11,894,887,568,851,734,345,189,51,696,566,657,554,247,799,264,872,354,198,604,284,231,90,347,235,690,324,851,844,215,84,997,790,945,166,592,611,50,924,898,521,963,430,956,765,173,432,124,408,64,957,978,953,662,255,961
509,817,495,440,919,793,829,31,973,204,362,492,899,835,28,390,855,222,385,981,777,420,289,285,873,276,135,689,199,775,542,438,278,916,282,466,430,210,480,884,25,582,247,18,485,821,531,192,754,471,426,331,157,356,533,697,633,628,266,707,394,907,77,594,214,497,490,305,402,86,302,330,908,614,953,676,558,433,367,681,180,542,683,251,323,322,235,388,433,514,16,178,642,68,542,413,296,461,154,627
806,372,464,626,221,756,180,485,315,724,768,996,769,444,56,700,742,457,95,923,906,422,133,141,738,169,958,57,358,776,579,424,324,323,535,521,482,775,304,764,747,400,802,2,459,499,95,281,585,602,478,715,883,172,664,351,275,473,612,795,656,803,247,906,736,954,912,37,770,358,95,444,505,346,357,304,721,73,265,121,150,194,995,143,918,46,188,617,635,849,246,807,574,757,539,863,125,205,308,604
954,109,614,391,606,892,26,901,837,767,349,941,340,749,301,310,77,865,721,603,376,622,251,453,308,184,53,644,986,379,790,514,403,511,759,562,394,970,906,597,355,728,773,273,39,264,801,551,573,831,736,769,522,804,55,591,148,456,671,463,459,190,571,524,94,664,87,164,646,796,247,324,693,153,821,876,622,847,703,59,557,167,786,41,612,56,404,121,379,356,766,624,260,140,205,490,336,678,954,934
196,66,631,940,561,356,230,387,967,952,968,177,451,746,392,46,29,650,586,633,259,157,933,353,977,407,615,47,966,437,123,890,417,80,876,104,726,415,701,117,203,132,913,506,620,526,246,797,334,676,11,227,432,235,649,728,460,852,402,634,308,74,994,308,968,764,465,71,490,733,380,594,516,478,921,552,223,287,848,407,426,515,820,195,995,164,447,99,363,916,62,945,384,873,833,413,206,761,797,54
951,699,868,626,751,264,169,554,531,643,821,657,919,685,836,684,370,855,541,993,485,600,568,194,686,366,681,160,358,472,336,357,736,539,876,755,24,566,101,736,5,205,519,517,393,202,111,285,873,231,526,673,342,418,343,972,309,951,444,200,990,720,802,910,964,770,702,947,895,443,960,27,326,250,988,26,981,572,407,993,147,946,337,238,37,232,302,249,682,99,229,211,268,50,803,95,54,37,102,238
152,47,499,214,456,814,251,832,413,693,281,723,787,415,307,895,706,810,692,650,671,298,411,532,465,90,351,488,602,642,6,7,367,397,779,516,304,279,437,297,768,265,247,508,763,209,546,856,292,356,651,327,133,691,541,14,859,138,803,255,716,431,50,396,193,332,681,474,647,411,829,618,37,398,928,474,552,549,898,433,610,334,815,706,627,146,795,700,109,788,207,342,426,842,660,197,53,572,665,629
98,719,787,124,105,116,486,616,584,605,525,144,123,155,672,315,504,573,274,258,644,331,563,177,647,550,292,987,821,857,380,898,310,567,66,550,607,757,772,966,921,708,965,721,295,831,770,272,1,768,651,427,813,158,948,174,460,49,429,456,221,161,866,301,999,785,687,629,775,998,215,527,848,746,653,124,371,973,566,865,685,959,579,776,853,271,972,349,697,594,452,344,325,302,31,101,783,273,129,70
896,251,847,643,644,969,88,585,908,541,224,993,843,19,443,362,175,239,935,773,331,301,749,631,783,948,454,827,994,941,598,623,358,95,699,194,736,999,982,380,272,55,392,590,362,893,469,507,708,619,641,106,771,7,211,866,744,683,743,715,887,383,321,827,804,456,369,41,666,569,141,810,601,16,156,230,404,700,146,531,117,728,770,754,664,134,864,648,414,549,792,189,925,809,98,558,101,185,892,454
621,198,639,840,177,478,280,35,526,521,274,92,408,396,635,295,207,704,613,661,949,788,597,747,426,875,966,666,329,621,240,574,813,282,334,437,478,952,759,935,441,718,646,558,69,22,816,824,111,74,82,717,763,28,276,96,112,74,438,386,176,831,754,798,245,858,428,482,226,310,257,330,281,134,943,790,896,763,901,367,108,314,640,568,588,506,422,126,737,419,678,767,839,480,574,693,377,883,2,750
748,533,358,858,751,625,947,577,582,219,169,454,577,193,750,15,711,155,154,359,865,872,826,222,699,185,386,943,407,941,890,552,958,229,712,357,117,909,327,804,297,409,985,295,216,259,252,469,36,610,22,905,988,702,346,491,145,520,803,114,726,880,126,743,194,1,558,689,391,294,330,384,156,913,382,255,804,888,642,44,481,186,448,695,742,825,193,789,72,517,346,793,129,671,688,176,717,831,659,936
80,693,662,794,170,856,983,526,362,327,478,616,427,372,483,401,437,926,469,293,340,393,856,366,449,849,885,667,895,297,44,695,757,158,832,302,8,928,287,221,915,601,115,703,911,874,761,955,245,391,209,152,418,385,417,342,120,234,702,210,131,24,299,93,366,607,421,712,276,123,77,29,381,295,456,699,766,385,209,700,740,669,907,842,216,464,923,656,401,672,129,511,253,310,525,79,70,36,334,880
904,532,588,76,96,495,901,534,533,637,776,752,983,660,59,217,144,225,689,57,538,691,880,484,682,500,273,829,666,107,323,753,469,464,820,230,982,978,867,3,683,217,917,659,366,85,276,867,988,760,726,170,702,621,344,85,817,386,236,381,396,712,503,848,33,508,542,451,835,661,43,768,91,270,975,331,876,451,615,513,554,222,450,0,256,944,239,101,751,260,322,42,14,773,688,613,509,883,739,77
438,906,539,178,988,920,377,716,653,160,588,386,320,759,775,888,111,971,740,401,918,555,621,794,859,740,204,942,212,431,940,534,70,791,553,641,332,577,292,883,969,181,187,302,13,433,546,929,846,39,167,236,463,706,929,500,465,207,653,995,85,947,395,582,526,31,640,337,492,762,903,142,662,267,367,510,910,274,57,555,689,299,484,686,1000,604,642,344,705,138,841,223,521,265,289,190,246,86,539,628
939,436,166,434,457,213,445,321,678,13,665,386,794,774,229,369,185,53,829,965,358,943,648,798,627,613,461,595,418,384,946,325,385,507,368,572,795,43,959,352,479,107,357,824,295,825,860,994,39,523,152,0,279,740,903,985,479,752,658,838,426,246,572,160,603,528,98,482,977,820,881,236,303,198,747,555,225,383,169,898,620,852,537,883,578,421,279,579,44,626,766,491,353,783,734,592,576,101,501,131
736,789,276,414,594,213,371,608,433,606,189,151,850,10,197,137,654,121,208,623,477,59,314,453,725,304,693,940,217,803,829,23,620,280,750,3,887,503,969,288,867,335,58,866,96,336,252,188,742,589,65,302,453,660,691,893,392,995,902,544,335,449,37,959,427,873,507,380,539,459,386,379,230,430,700,685,702,690,262,963,767,169,230,453,63,415,736,523,385,427,543,15,360,269,115,50,869,367,129,486
455,160,696,295,612,212,887,546,75,963,241,607,79,604,412,253,185,10,282,266,531,397,975,274,342,302,107,713,204,957,201,877,700,531,277,170,98,331,548,807,830,557,809,271,472,634,267,923,619,425,20,957,479,23,220,999,20,986,341,678,290,966,19,671,580,127,388,902,6,760,254,742,867,237,109,240,431,815,836,575,534,184,857,130,816,614,757,397,503,926,72,190,936,717,78,860,36,552,982,294
399,250,672,314,288,5,603,663,69,602,307,969,354,229,955,187,739,415,805,912,280,172,469,598,431,416,650,509,665,100,359,316,881,453,595,705,219,97,586,62,168,323,26,497,103,714,955,36,30,642,459,816,902,466,608,618,700,937,344,125,740,366,175,970,531,503,271,532,106,59,618,173,428,877,935,175,154,591,589,372,31,244,112,947,941,451,462,312,345,371,490,769,334,978,176,601,507,161,289,419
269,432,837,862,926,275,535,96,549,691,930,436,960,11,261,606,911,479,75,409,921,241,865,572,361,512,719,829,178,789,44,894,106,548,130,893,902,3,73,505,61,897,595,126,935,982,70,591,257,346,521,673,888,977,849,43,44,874,327,41,499,867,582,1000,781,380,911,383,930,367,178,755,858,99,166,197,354,89,654,367,668,735,693,75,184,555,877,824,3,545,686,133,860,93,950,764,232,749,405,524
817,350,425,22,167,1000,241,264,25,214,529,452,973,749,805,436,261,809,698,761,884,537,454,422,681,85,648,893,859,573,585,194,691,685,155,608,524,54,45,506,817,683,104,352,317,270,114,618,758,855,361,90,921,478,782,353,859,133,434,87,840,795,679,169,651,168,267,902,596,878,541,264,579,732,163,842,526,163,4,680,119,5,28,476,840,601,596,996,158,266,628,995,470,640,914,728,163,776,656,442
960,691,411,542,32,495,980,623,444,601,368,604,255,715,164,179,106,565,309,75,425,837,294,256,609,338,878,398,617,626,527,258,532,752,507,602,674,72,402,610,728,176,947,343,976,545,686,92,844,268,568,296,798,633,884,424,827,970,368,671,317,923,554,424,632,896,567,474,957,513,166,539,991,984,115,322,329,256,557,822,949,583,897,988,461,999,504,996,917,628,333,152,158,224,604,978,615,147,378,900
611,724,728,745,12,496,69,42,651,942,370,869,807,761,818,670,879,505,332,496,793,868,81,383,509,568,460,79,928,178,150,912,288,199,738,29,985,508,348,977,215,764,858,709,152,982,962,970,767,958,125,595,486,262,710,725,399,194,377,61,950,558,12,159,308,948,665,445,917,206,190,889,340,787,751,969,390,952,950,578,904,338,604,431,622,521,688,302,711,178,405,306,631,383,491,86,269,754,770,884
251,744,935,641,91,548,394,559,265,407,504,908,41,506,995,869,109,938,936,38,300,978,480,172,110,779,717,839,374,867,296,812,94,513,929,271,4,814,198,780,690,34,230,128,138,870,520,35,367,320,236,303,137,954,979,75,46,950,473,484,190,295,921,111,271,170,652,483,622,593,383,784,633,348,170,247,575,724,763,629,14,983,819,237,460,251,833,473,31,155,809,854,398,519,390,101,145,640,572,567
999,393,804,243,924,902,140,445,685,767,403,741,647,913,506,766,32,231,412,295,250,185,926,78,767,176,604,663,36,4,931,686,354,782,603,906,264,428,669,918,752,123,293,150,12,772,427,573,357,742,604,266,555,20,261,342,663,778,548,510,379,692,643,943,284,571,666,532,458,32,743,153,498,501,599,955,727,313,465,555,453,157,780,441,479,476,973,434,783,599,846,384,99,309,252,131,320,177,502,855
269,669,870,835,483,54,357,840,777,552,196,670,54,834,38,369,178,892,762,130,197,460,832,364,397,171,596,839,719,758,596,7,400,412,510,951,31,400,598,777,685,840,56,811,704,44,759,613,425,874,124,624,637,290,648,315,665,20,448,72,981,478,751,577,629,484,63,412,473,479,164,287,348,191,11,537,98,33,427,823,385,614,999,617,468,236,640,930,880,77,40,622,901,529,446,697,90,402,201,273
598,690,117,145,343,809,61,199,153,347,773,389,184,1,822,665,547,309,412,687,487,292,356,539,452,622,666,997,48,326,470,936,891,260,214,838,998,226,773,980,626,82,83,839,286,372,578,807,673,714,62,261,345,769,125,207,778,498,122,274,639,738,796,158,7,562,254,446,816,835,176,733,933,933,860,898,851,99,26,137,692,283,237,721,3,551,67,779,247,657,639,32,601,763,822,730,730,99,200,633
839,544,341,618,139,775,616,568,376,408,369,542,114,818,883,656,906,774,466,843,781,741,891,918,977,528,139,896,830,424,485,44,759,350,277,234,807,264,904,947,129,123,860,519,950,692,19,573,506,871,345,656,925,623,211,214,668,677,676,555,171,537,385,36,969,282,307,63,899,799,892,511,402,876,345,835,24,347,806,644,354,878,237,786,177,470,853,558,124,978,365,936,241,233,26,697,534,904,821,61
880,714,527,228,988,756,523,143,70,466,842,171,455,475,970,789,969,379,83,19,105,747,468,36,327,284,255,257,470,40,283,138,491,193,708,180,446,995,879,229,604,948,172,604,901,945,244,228,229,596,923,57,426,61,201,977,441,779,262,876,907,274,866,211,160,725,746,347,511,881,27,212,697,957,657,657,763,123,551,510,343,610,606,767,135,594,308,475,193,713,125,167,955,289,297,32,841,968,718,869
615,922,848,739,244,945,848,608,913,273,218,1,432,469,859,599,622,37,597,484,508,449,910,954,268,407,752,110,361,402,397,115,717,43,205,175,450,876,301,37,527,94,868,78,568,104,304,238,394,799,159,599,176,812,540,386,865,0,858,881,747,127,16,66,209,495,909,860,11,686,805,0,779,17,302,364,935,414,861,200,789,521,295,69,270,767,819,289,369,42,905,539,350,776,646,205,54,183,670,530
162,553,576,272,209,34,246,879,746,967,178,514,114,643,742,677,379,637,810,627,785,307,101,411,849,530,504,679,210,976,491,366,111,516,527,919,24,628,148,341,384,962,292,239,5,911,272,226,718,526,751,43,223,321,700,651,408,882,224,930,388,969,920,37,669,633,72,265,204,286,699,386,714,182,941,402,302,606,871,937,750,72,681,264,460,815,343,609,936,939,619,513,978,846,464,613,2,2,55,766
941,952,112,559,297,775,978,433,104,453,507,630,410,82,937,932,693,302,188,825,183,306,874,462,780,82,757,608,621,796,41,151,947,376,53,301,577,919,579,467,841,813,376,928,755,685,984,257,938,572,826,663,573,490,182,669,667,561,849,517,492,123,964,613,211,422,5,166,584,554,264,622,761,271,584,179,642,322,785,604,858,569,489,407,988,493,667,676,738,654,36,322,342,551,187,570,598,863,10,17
615,305,462,63,395,590,344,583,387,903,699,298,501,534,624,696,234,401,986,389,842,548,906,334,593,461,921,607,71,949,323,952,244,31,451,134,280,468,973,944,380,372,396,92,569,179,375,542,253,771,86,8,764,786,183,90,345,152,168,465,74,412,634,656,281,210,755,543,562,788,149,65,963,148,757,27,427,319,140,780,263,379,533,871,59,462,591,603,19,509,134,978,813,455,39,882,434,243,689,701
409,779,562,335,941,870,760,532,844,726,300,515,98,599,58,91,308,625,501,511,567,247,170,112,601,13,103,184,507,758,306,202,844,508,563,979,250,341,923,456,115,951,143,538,463,478,482,972,215,704,249,391,10,572,10,909,812,995,921,985,988,851,800,657,842,602,993,213,304,600,929,134,646,614,523,773,310,248,845,92,858,646,389,505,445,495,73,283,403,304,473,287,764,564,919,845,823,975,328,479
942,340,167,604,225,952,34,494,203,279,778,199,740,441,347,356,643,992,118,672,255,339,938,189,138,459,735,874,207,519,959,374,310,906,921,829,917,562,116,8,222,115,186,840,304,651,538,278,140,324,28,983,944,813,709,672,970,412,371,602,952,984,492,93,512,32,993,704,131,398,600,931,559,78,256,536,453,176,279,979,853,353,418,436,608,695,304,43,270,330,725,919,497,668,103,23,368,317,368,168
664,750,288,822,252,526,588,221,467,283,974,412,220,401,991,249,623,46,776,212,848,514,656,666,612,804,302,643,419,598,632,774,335,934,543,741,174,522,51,753,671,80,518,603,179,669,94,924,640,447,17,961,123,483,865,285,326,196,221,311,956,424,911,14,282,552,880,622,78,521,385,534,652,252,130,647,433,428,69,842,492,24,302,753,799,871,679,955,11,738,131,297,534,737,695,53,640,331,382,970
273,319,250,490,498,407,53,601,637,818,442,18,821,335,465,211,560,747,985,630,128,124,142,948,894,541,941,983,254,822,479,474,990,566,514,559,484,659,40,446,778,604,923,657,177,65,626,484,71,379,126,960,604,962,270,273,720,392,343,745,979,553,855,798,210,915,629,816,386,816,168,632,965,532,999,345,926,363,774,839,17,638,310,146,666,463,647,670,948,18,647,437,884,885,717,535,250,661,423,198
716,390,701,999,512,151,415,79,954,194,423,909,242,628,332,539,238,435,222,397,7,238,110,172,395,277,607,301,381,144,185,687,427,591,131,89,323,775,774,263,856,320,17,762,614,700,800,479,482,750,553,485,542,625,872,339,202,184,74,350,74,743,519,349,76,945,755,545,643,415,311,627,31,49,419,456,738,962,722,978,859,868,133,573,276,455,57,781,626,934,333,99,848,348,665,743,466,429,360,925
659,151,121,501,653,107,534,869,705,752,582,382,736,307,443,825,393,377,528,789,176,208,156,43,234,120,773,764,963,664,414,277,249,289,663,797,691,800,94,235,923,873,149,481,921,312,658,641,763,781,20,95,810,997,264,30,989,918,729,765,831,234,265,981,482,477,423,240,169,398,261,734,780,624,971,709,596,970,564,314,39,401,774,397,343,325,424,915,985,670,360,965,1,410,785,468,625,274,862,222
550,363,625,7,486,728,907,538,39,442,382,422,206,871,268,743,214,585,219,950,68,843,554,637,512,427,455,805,927,453,783,677,370,410,224,364,375,148,879,999,101,689,602,556,368,907,109,511,720,666,286,345,699,218,368,911,849,705,633,166,896,606,467,172,877,426,20,884,500,995,89,540,535,609,63,79,105,746,132,376,335,550,458,858,486,593,409,624,314,721,839,892,719,967,341,568,60,755,642,200
266,934,316,22,471,686,762,544,971,106,268,769,173,808,485,511,822,197,409,704,181,714,35,559,707,532,921,415,70,205,345,561,186,506,509,516,846,789,716,191,19,558,927,311,399,450,30,471,935,120,158,591,247,597,378,827,164,243,923,879,62,948,232,418,76,9,192,131,219,785,511,157,81,4,854,570,816,350,14,524,810,773,27,796,521,433,867,57,581,485,685,415,853,702,234,736,846,391,4,710
711,334,542,450,146,804,828,739,250,758,432,269,578,794,1,516,245,735,633,486,371,356,117,52,252,326,990,959,919,746,707,188,957,364,918,247,447,74,989,734,597,11,193,116,586,961,975,833,77,419,701,199,583,616,905,426,505,2,404,310,150,9,248,835,283,548,464,792,158,593,549,562,497,403,258,100,959,397,879,303,251,491,982,716,948,501,675,666,391,30,360,946,130,220,282,510,651,149,905,356
55,44,507,491,328,22,243,715,584,587,830,237,836,247,645,799,342,877,217,295,227,424,612,732,281,636,989,464,890,983,760,716,848,562,599,42,180,198,125,207,492,494,125,919,705,801,65,341,475,809,456,782,178,273,701,207,722,6,10,832,952,992,119,641,679,870,883,546,430,252,339,501,200,10,236,926,520,197,482,462,844,367,629,690,16,471,640,869,236,400,217,732,94,146,385,720,954,579,217,590
246,753,119,16,13,377,626,545,237,256,991,159,240,228,291,176,436,864,947,487,456,433,737,560,561,194,804,321,851,896,772,651,30,974,597,659,974,718,323,619,959,377,477,360,232,909,26,170,171,81,69,666,804,416,46,809,965,499,762,564,348,902,820,841,708,32,786,894,397,528,429,946,743,372,879,463,944,179,351,304,841,246,671,649,772,527,415,330,97,254,807,863,144,849,171,302,65,497,297,338
43,513,74,970,316,112,938,154,594,929,526,265,977,111,279,977,861,251,684,256,315,369,448,108,980,71,451,106,532,599,286,751,597,91,947,24,476,699,677,824,135,549,641,279,894,778,954,327,573,16,177,117,84,665,960,939,783,921,190,821,549,172,515,656,916,750,803,846,673,873,106,215,337,508,260,219,65,401,762,931,336,688,119,410,769,832,952,724,617,909,922,380,62,511,914,593,759,486,814,116
441,314,497,382,845,150,642,85,942,848,917,218,89,618,807,286,22,668,756,365,102,98,620,911,265,482,147,88,868,641,872,28,10,671,429,228,168,868,144,43,850,256,693,547,690,848,178,687,182,943,505,249,554,25,526,652,562,59,590,487,619,704,373,431,619,856,432,720,730,596,673,291,701,60,825,963,545,686,721,261,166,472,264,807,412,1000,967,407,684,278,887,999,853,562,569,792,836,264,969,168
968,821,518,975,289,144,868,478,496,927,932,594,27,919,792,114,154,811,111,171,401,635,15,957,182,92,13,629,763,665,875,977,41,558,29,488,797,869,37,160,687,680,345,63,467,931,411,992,333,189,340,259,355,634,370,992,813,845,424,319,756,434,648,441,154,101,83,967,328,1000,741,882,853,675,597,912,492,697,841,559,809,355,142,830,819,475,207,447,694,783,851,487,76,570,407,318,519,510,638,184
839,227,463,277,544,593,552,906,488,515,71,316,207,767,935,980,85,528,144,16,800,438,285,823,429,558,112,0,805,932,864,39,834,400,548,653,929,748,734,142,176,502,620,908,463,169,557,750,851,336,93,157,984,178,794,945,815,914,450,544,853,484,354,879,438,623,433,17,840,404,607,917,698,4,339,724,543,448,416,146,514,866,688,92,719,471,516,761,969,424,756,49,476,202,156,955,763,424,312,757
324,711,653,791,651,704,193,469,880,142,85,775,782,49,676,534,666,282,930,562,391,451,723,515,393,978,465,839,593,588,287,504,356,823,580,259,905,59,775,482,662,859,615,90,208,161,766,552,116,886,599,494,334,950,849,859,889,929,755,356,263,974,580,26,20,499,453,327,92,696,522,648,988,705,989,310,111,40,732,65,798,576,651,378,734,335,363,498,490,960,980,541,655,756,497,819,75,970,357,349
815,303,920,855,471,904,40,984,366,848,79,482,748,731,88,135,660,345,453,381,729,615,599,909,419,428,83,372,92,738,757,843,59,72,31,253,430,292,391,257,759,114,405,563,830,474,305,294,160,189,828,393,348,77,654,927,671,112,982,547,793,928,360,287,205,329,53,348,307,121,765,606,41,503,913,162,555,439,482,85,406,25,686,561,561,925,811,265,815,353,926,846,574,583,477,224,850,216,861,727
7,157,802,870,702,390,973,446,858,787,695,234,399,57,565,526,465,228,851,842,471,592,65,947,919,267,633,115,242,562,424,555,526,905,905,437,58,821,970,697,994,65,577,717,812,598,56,539,244,866,229,419,28,771,1000,926,447,597,867,445,376,751,376,840,634,350,461,493,402,727,355,550,845,81,81,928,449,136,365,951,383,383,902,678,866,507,93,765,630,726,579,192,128,826,229,599,488,604,273,260
284,42,659,183,507,590,691,895,262,236,872,260,64,164,545,776,915,81,113,84,586,395,504,423,41,276,526,415,751,120,197,701,23,996,388,717,860,240,113,770,829,65,742,359,38,805,490,596,458,746,993,373,308,822,461,827,551,361,934,565,899,604,390,536,311,938,403,953,426,621,362,40,583,562,975,262,896,175,306,202,436,914,666,531,520,882,180,843,643,508,804,820,527,182,82,237,850,271,284,863
279,103,394,567,795,248,281,749,451,575,159,346,8,90,583,618,621,69,536,220,948,254,68,22,265,559,344,960,321,325,898,359,7,22,531,131,729,218,183,105,946,885,851,926,837,157,57,352,358,691,942,996,925,846,446,745,1000,61,23,940,366,726,335,205,571,623,392,339,916,356,749,59,715,963,899,766,505,483,660,148,590,131,877,214,57,790,708,138,815,326,59,108,412,755,77,871,510,872,624,882
657,354,853,997,725,357,601,746,993,871,514,655,447,675,385,22,461,632,66,198,349,177,994,886,850,204,733,598,388,556,500,937,632,459,577,856,726,3,642,440,569,459,230,745,617,796,692,5,36,887,511,198,447,16,21,333,726,966,932,227,496,189,351,201,167,853,86,501,105,343,540,417,770,593,968,338,808,250,674,765,150,345,457,975,146,182,471,744,256,12,845,975,288,692,479,455,704,509,32,337
260,870,922,104,357,400,411,104,289,286,11,834,806,130,335,52,527,745,664,513,177,136,165,101,566,884,414,187,665,460,949,737,750,431,258,91,949,729,463,637,778,153,335,517,787,338,490,884,520,756,486,434,191,99,613,69,626,971,288,292,571,813,368,226,737,133,265,294,74,4,702,785,671,21,3,484,165,498,183,218,426,743,604,707,786,612,498,702,709,964,285,427,904,857,26,337,443,502,745,23
838,588,453,690,338,184,147,827,194,574,187,266,951,998,396,509,15,53,368,927,410,306,442,732,146,869,567,448,535,579,599,394,718,947,98,752,255,668,630,968,57,795,663,369,388,962,22,590,116,802,773,149,680,606,568,415,404,468,780,361,680,746,810,247,968,140,817,294,922,991,459,714,787,854,452,124,481,988,232,985,34,731,362,779,39,334,452,530,168,939,669,585,152,79,207,575,171,21,702,403
206,964,987,528,874,312,629,476,392,67,561,867,400,634,276,481,730,16,989,367,641,293,112,300,875,408,932,245,317,151,302,294,786,439,592,797,558,74,977,58,607,827,761,722,694,858,886,459,719,431,938,825,628,697,121,200,658,158,619,978,599,118,473,931,492,736,776,105,216,907,991,120,525,346,668,770,335,274,507,498,721,670,222,853,766,664,517,323,489,264,9,676,981,537,738,651,548,979,858,657
242,161,241,384,583,132,679,56,105,138,867,783,963,76,571,222,548,884,554,845,506,725,673,594,434,264,356,523,442,330,169,129,360,639,882,955,287,217,722,107,113,362,721,258,308,842,81,839,943,697,207,990,777,166,745,845,786,371,247,97,339,94,546,187,642,801,269,66,642,477,528,627,598,738,32,700,137,357,833,835,962,699,683,253,91,755,300,726,496,26,460,427,153,375,644,295,534,161,583,493
386,634,799,950,325,406,114,290,553,394,912,654,428,190,814,625,329,59,454,196,739,378,289,368,931,815,24,955,293,163,104,220,178,258,211,51,519,69,747,215,766,852,368,772,565,424,21,817,862,81,39,223,130,975,852,986,146,957,671,206,443,295,203,210,88,407,465,191,256,988,368,559,865,360,420,888,276,69,567,383,924,833,448,899,286,633,475,551,339,179,800,915,277,649,371,259,832,331,51,500
795,371,283,245,552,352,657,769,77,156,528,890,892,635,155,960,397,674,872,578,741,891,545,274,137,626,290,965,633,954,376,724,57,526,315,140,957,439,675,780,33,5,179,290,880,82,866,185,52,32,659,357,9,272,210,548,893,115,562,480,461,47,495,355,920,106,60,843,680,991,553,663,776,994,192,732,622,534,297,47,389,290,584,711,655,45,655,637,817,585,30,446,425,480,355,168,657,543,28,786
368,511,998,298,869,791,330,817,100,266,318,507,348,71,451,20,379,803,50,31,957,604,198,947,174,776,903,65,701,839,950,345,346,138,223,440,771,964,166,978,67,79,401,52,53,884,290,361,654,380,460,73,361,802,250,753,513,634,494,319,522,865,526,261,783,821,507,157,190,448,794,183,304,205,717,379,236,986,120,166,41,425,624,923,623,521,487,32,274,993,860,86,565,382,767,516,33,283,176,537
422,64,417,662,329,773,571,63,638,796,705,414,300,112,383,345,536,88,3,806,261,705,822,654,423,908,857,753,497,681,613,860,143,908,641,212,939,431,741,455,466,503,490,949,486,370,855,896,123,61,732,516,272,808,787,308,211,367,510,992,965,421,142,560,275,206,516,268,723,987,328,170,711,746,315,158,373,259,460,780,713,417,953,621,649,317,681,53,118,177,249,178,336,842,949,359,535,740,474,21
90,53,703,543,423,31,666,569,210,310,171,412,584,999,566,817,958,872,134,999,771,759,804,415,343,335,637,825,464,455,268,983,410,226,851,557,279,644,755,821,826,640,523,880,899,291,38,817,450,953,47,257,257,325,184,964,541,44,883,81,981,191,393,376,779,718,786,799,29,369,584,545,906,572,744,311,850,46,985,673,332,93,600,506,209,977,505,680,237,444,843,927,789,607,200,47,665,264,53,345
364,72,264,712,289,851,656,223,749,642,542,530,142,200,181,712,827,482,903,985,386,277,826,968,381,96,29,880,710,920,620,558,421,562,79,569,354,521,167,295,234,649,363,844,959,396,440,439,401,800,22,434,189,653,578,513,171,419,711,894,477,136,933,810,532,641,172,556,574,486,573,41,395,180,409,296,394,362,566,687,394,299,216,234,675,819,378,463,1,962,575,297,439,592,313,999,310,383,619,908
90,763,709,48,882,75,57,217,404,81,768,413,396,215,407,788,729,805,59,521,954,831,957,884,354,931,640,262,359,460,538,589,631,652,617,290,482,862,487,341,639,620,349,989,481,471,604,147,462,828,780,788,135,73,530,374,39,926,453,220,899,921,301,133,153,114,535,308,35,180,410,33,978,774,210,581,751,861,586,386,398,647,662,602,825,707,511,515,943,693,126,470,122,467,666,163,17,990,931,43
218,459,413,943,811,275,222,381,300,724,44,697,798,487,44,887,597,380,708,867,299,801,549,842,693,237,308,698,191,179,924,97,74,459,252,82,611,669,729,584,598,465,504,805,471,843,615,123,134,305,75,420,429,550,919,519,22,995,386,884,334,165,430,424,989,593,755,637,53,534,958,534,260,599,857,577,633,665,770,967,832,739,781,447,200,990,624,563,933,988,986,681,409,933,37,501,750,88,403,396
737,390,501,981,305,517,640,76,397,440,874,73,134,525,502,614,18,709,215,756,218,470,587,406,728,507,725,816,57,799,657,224,221,277,668,751,764,493,910,756,112,978,329,76,105,701,258,925,319,548,832,100,70,494,390,158,895,646,65,539,142,704,367,695,780,867,825,52,54,585,547,593,595,70,702,275,720,624,247,458,154,198,203,64,185,591,466,529,82,343,569,637,463,692,679,521,197,375,818,637
813,700,916,247,693,215,212,640,933,22,860,785,163,705,551,581,565,474,330,736,735,971,362,448,111,327,945,316,108,686,260,33,824,752,541,929,115,830,508,215,533,181,792,84,301,362,28,282,236,346,125,139,639,69,638,320,759,604,925,318,729,40,543,895,938,919,348,447,723,396,882,235,759,723,439,276,162,424,818,757,603,274,334,531,474,241,693,509,353,139,407,685,769,160,881,708,678,850,963,69
377,833,736,325,671,377,600,109,528,846,919,355,270,747,645,705,508,905,427,883,875,430,213,774,124,787,898,299,786,245,618,103,39,455,601,765,742,211,869,712,99,994,915,362,746,138,530,393,904,434,700,971,790,559,960,536,206,790,971,501,437,14,127,827,737,886,480,506,393,741,407,765,992,298,778,830,242,17,794,734,560,129,789,764,52,742,504,128,135,118,458,531,95,281,216,293,658,793,557,221
777,993,117,804,346,333,485,14,643,806,484,300,139,402,248,18,585,404,519,832,752,948,480,133,552,46,629,911,7,550,856,485,699,867,691,989,998,576,981,977,966,206,260,688,914,464,422,538,192,100,210,832,771,738,937,835,640,136,539,326,911,412,815,574,975,560,589,563,374,844,609,908,66,925,227,191,850,542,317,766,736,137,900,357,161,657,741,34,737,247,760,247,647,329,635,477,713,181,241,753
952,496,752,697,723,107,315,573,950,353,6,815,477,789,850,834,745,595,772,691,514,492,333,462,949,629,233,426,399,644,953,995,531,54,318,740,802,720,208,221,716,218,809,363,408,235,431,36,572,777,360,127,923,860,941,386,196,231,7,487,153,23,179,229,337,669,674,806,465,155,733,576,919,624,280,794,835,376,224,774,503,326,399,882,403,393,130,726,288,770,303,782,510,893,926,520,861,654,488,154
637,171,760,686,649,560,585,512,638,508,514,84,46,13,54,18,356,186,436,375,428,508,835,417,926,826,357,566,706,612,550,883,410,294,980,830,330,392,124,37,320,708,523,304,572,992,980,712,381,577,379,363,28,914,45,509,578,911,176,550,230,724,242,29,141,36,919,356,712,149,414,604,95,594,724,239,927,404,674,361,61,843,316,336,584,872,638,411,82,334,482,616,128,427,314,523,334,757,304,330
374,450,395,273,166,488,779,594,123,664,869,136,910,137,77,174,969,36,85,40,255,630,737,398,862,127,801,804,678,988,413,872,962,943,613,242,993,136,619,571,817,794,916,110,129,581,206,277,121,795,623,727,587,274,96,215,556,482,148,679,426,626,257,555,592,852,478,913,73,301,974,974,552,998,555,5,506,653,352,815,89,717,116,1000,318,513,419,946,308,142,550,20,768,392,348,922,511,62,660,191
832,778,806,371,590,75,258,375,760,27,720,998,906,587,783,891,97,48,153,936,815,970,798,159,909,643,2,690,184,321,224,591,9,71,23,159,223,812,828,727,881,620,241,701,690,54,953,159,648,564,880,952,971,259,151,720,592,243,760,562,869,910,957,252,741,5,313,531,64,19,702,995,23,841,86,659,981,687,869,719,49,233,599,38,98,200,148,266,171,840,301,777,458,544,200,249,38,711,831,967
951,309,341,463,583,968,832,396,178,490,922,400,351,201,400,544,33,681,597,31,557,917,707,893,615,962,418,538,500,839,72,736,911,261,527,691,509,854,460,421,903,486,700,458,836,724,650,437,206,818,33,901,536,417,826,255,386,342,871,195,739,72,330,492,900,183,602,594,254,529,456,670,30,785,539,290,585,250,780,81,178,786,907,782,802,572,334,980,801,837,812,599,164,29,513,240,258,969,16,541
857,510,533,489,245,96,223,919,57,467,519,363,459,438,883,891,7,316,613,756,375,759,458,153,849,823,479,78,920,614,161,279,699,278,716,174,279,175,798,535,86,926,695,524,74,411,339,633,561,891,541,976,594,783,645,75,573,915,42,422,813,768,269,517,293,343,719,707,928,0,714,136,79,461,192,852,61,248,93,513,157,322,52,728,678,968,968,669,957,270,145,625,70,567,534,771,40,644,40,499
657,9,125,269,573,301,145,656,796,825,63,578,167,896,626,79,4,752,647,792,693,844,637,460,713,300,704,875,907,207,873,577,882,355,757,12,233,416,668,459,919,598,316,907,971,169,12,961,732,164,54,23,477,447,936,318,349,581,121,257,459,464,908,192,336,483,707,445,201,628,815,512,358,893,758,627,580,995,596,171,723,727,319,546,166,394,226,613,777,309,851,189,995,22,351,754,322,288,4,449
239,485,953,499,561,944,488,764,126,602,106,467,453,493,578,995,598,160,48,929,161,417,856,301,831,968,386,706,718,711,656,609,992,27,57,219,676,440,460,43,158,332,22,551,165,291,117,844,404,751,56,464,14,102,352,542,205,243,924,591,431,402,474,682,473,162,41,650,962,420,132,97,341,765,129,724,187,415,753,697,864,850,1000,395,179,997,924,494,287,220,920,292,815,996,15,774,984,941,772,399
765,647,973,715,40,660,396,371,947,586,901,899,96,573,531,886,614,68,934,204,275,342,966,118,771,72,575,513,714,183,991,111,335,332,46,561,823,673,470,179,657,965,327,293,333,974,438,877,401,329,780,565,262,42,737,604,60,277,440,246,465,92,304,935,122,655,21,705,954,147,180,482,112,236,774,966,880,814,834,222,625,846,129,523,858,169,15,973,67,537,76,866,80,699,529,224,646,21,697,3
914,14,36,767,654,317,956,297,123,902,535,964,888,288,964,178,361,136,901,18,185,311,222,1000,590,988,46,798,774,470,860,423,913,518,42,510,483,477,717,971,242,949,119,809,839,853,882,46,632,407,870,13,220,166,115,196,465,216,548,452,237,451,440,492,512,183,866,620,664,398,997,679,306,261,706,534,693,603,462,312,854,23,31,201,138,728,885,631,835,204,792,113,495,391,456,451,681,882,100,778
545,46,291,193,159,578,451,44,849,677,367,130,856,418,487,123,494,322,341,761,874,668,379,66,139,115,841,382,46,639,598,982,32,187,839,539,213,649,850,142,439,695,192,377,624,54,872,500,981,399,662,268,467,436,866,497,464,744,991,389,148,842,570,95,125,887,778,436,484,871,934,938,368,603,984,560,35,389,160,846,219,651,757,413,468,559,103,266,215,623,961,368,653,80,747,748,944,294,519,798
916,113,779,153,532,913,873,295,398,95,185,950,192,48,516,526,225,605,476,901,254,211,163,949,41,409,148,135,379,54,890,268,247,792,714,416,429,958,939,262,443,420,748,824,746,898,255,842,251,424,577,864,485,528,589,595,385,321,532,393,246,36,25,100,859,58,531,661,741,561,747,588,278,1,394,173,49,257,798,323,47,745,259,115,334,176,566,802,793,360,926,787,694,504,370,410,127,398,414,909
494,952,91,676,20,223,893,762,726,949,842,591,661,849,214,275,889,420,400,785,234,594,271,546,432,925,878,295,89,481,981,481,891,463,203,26,8,229,425,621,608,918,61,258,423,589,230,379,328,126,962,864,180,500,802,406,453,890,300,208,924,600,842,98,155,290,417,890,990,834,32,529,878,579,241,789,12,699,804,780,337,124,577,601,95,46,181,103,919,408,751,929,818,944,742,98,832,276,412,118
605,167,324,530,814,282,344,948,931,242,285,161,48,36,811,353,424,378,945,610,889,324,94,473,977,389,862,14,307,63,510,723,402,283,644,767,532,959,901,887,860,681,353,814,222,403,812,25,264,649,679,506,694,985,906,690,573,690,124,511,559,486,106,517,403,965,490,490,899,890,326,631,30,330,417,939,364,242,712,722,78,24,219,917,294,849,420,92,516,754,832,419,485,345,550,818,379,34,836,263
642,655,870,998,119,507,871,173,234,905,77,399,977,924,114,989,404,994,978,113,771,382,444,615,589,325,585,844,577,370,147,777,954,388,470,890,167,628,703,792,571,148,852,197,146,512,820,195,519,593,440,195,402,747,700,896,638,669,896,463,492,736,936,235,948,91,220,945,382,751,653,947,155,645,239,485,449,588,535,575,993,13,655,265,805,811,115,138,963,685,732,604,207,219,663,106,587,426,310,270
673,567,933,697,458,248,516,643,889,489,608,7,821,199,945,543,156,930,741,610,901,89,910,648,624,481,149,457,327,104,747,120,780,845,325,88,73,430,800,239,478,963,419,841,167,374,306,697,247,7,217,573,468,722,405,155,486,781,799,344,910,103,336,994,719,441,935,90,742,623,346,548,668,585,750,622,678,625,878,758,782,990,8,50,632,890,550,258,341,93,367,406,501,995,299,142,279,658,486,349
31,524,385,624,377,956,532,898,691,452,546,910,810,174,155,699,852,612,62,428,570,286,392,693,790,290,829,101,953,199,127,749,503,376,26,726,814,955,586,890,564,73,624,427,339,395,934,720,351,906,259,362,735,141,452,902,525,329,737,763,279,444,895,584,884,684,219,884,194,676,619,628,880,620,509,107,658,460,662,520,424,435,358,752,758,888,182,957,533,910,52,537,33,194,217,570,786,924,579,11
819,992,486,683,388,321,836,150,86,609,227,541,912,817,725,141,638,230,25,171,450,66,931,634,945,244,856,808,357,181,932,344,494,374,179,177,795,672,415,230,522,723,140,209,286,564,823,679,827,689,292,371,255,627,140,525,434,955,273,500,554,830,200,772,380,805,226,540,700,70,670,456,738,466,589,47,678,109,395,251,307,235,396,896,773,556,761,5,837,469,318,387,784,664,520,859,528,242,691,393
755,789,332,785,919,138,604,605,637,379,750,602,356,856,834,515,171,610,85,847,788,453,397,379,618,692,952,617,556,245,676,475,833,924,386,64,725,796,825,402,400,22,436,338,945,594,850,924,888,554,814,13,706,544,568,729,546,163,285,247,553,755,31,157,802,481,873,319,120,480,969,971,49,370,865,986,158,685,582,878,667,310,431,983,849,279,422,403,520,891,729,257,971,426,430,509,345,51,83,109
472,357,969,19,610,260,799,65,701,312,67,975,541,465,93,797,55,36,723,992,683,347,842,192,160,327,898,864,113,305,200,567,220,244,21,265,845,851,778,876,52,508,950,156,568,454,203,67,97,661,981,686,183,636,626,525,621,651,701,291,644,982,332,746,250,253,725,14,952,602,105,336,445,555,111,798,614,988,912,987,525,682,857,921,447,724,178,506,17,108,662,281,822,777,781,599,906,480,900,721
776,498,917,300,534,31,191,558,928,931,236,444,56,674,438,781,443,71,841,231,587,313,363,205,515,328,208,368,123,511,59,804,852,602,758,670,798,1,863,365,798,845,65,796,242,940,318,339,513,420,582,763,503,141,237,136,5,587,649,294,733,658,214,131,517,406,593,75,395,382,616,154,468,484,213,206,576,63,100,45,763,863,13,523,919,266,420,783,621,600,182,608,548,98,230,659,984,519,9,887
