28168965,24443462,29449829,26367634,26096680,25381386,25450749,25167713,27413457,27488269,27747213,26884735,25996469,25364800,26503984,26560100,25504465,24283192,26035239,28617249,29631747,26686227,29255875,26724993,28712207,25434986,30794389,28636550,26116179,25512460,27985106,26533348,23170421,24592788,25477598,24203881,27613513,30391665,28772598,27277192,28429564,22789238,25934261,25605950,26167021,28567257,23990359,27069814,24088940,28759346,22991894,24990929,26041058,24705233,29613949,28615774,26419356,27114610,28825533,23628640,30083984,27883148,25675082,26145439,25883196,26849390,24991887,25717815,25551300,27021699,25097591,26099296,29136357,25417125,28576752,27510196,27927956,24118158,28303998,26574311,23051125,24155285,29751228,29984573,26510427,28960674,26292499,26051821,24983987,28044643,27052074,27553857,26713755,28909271,24452868,26368291,26876671,25268600,27194681,25238607
28506815,23141771,26504728,26209952,23741097,23473656,24561987,22983456,25557747,26618348,25625240,25733632,24412032,24608880,25095904,25980635,21451855,23827262,23340444,28172939,27643546,25568962,26979695,25030918,27609808,23306155,25879100,27038849,24688394,26369958,26024824,23941838,23061563,24236580,24915668,22786418,25248691,26493145,30152220,26831824,25792998,23952258,24528676,24912984,24194836,27718688,24263290,25964310,23611587,28066821,20360233,22578798,25117985,23895475,27309821,27697720,24665992,27627388,28071646,22539794,27905102,25433136,21873844,23892355,26452980,25291811,23584055,23211297,24777084,26315547,24004644,24958395,27562646,24961488,24675368,26146439,24115630,22732443,26460579,27169484,23196629,22264259,27659159,28550933,24791216,26610769,25667375,26505448,23958691,26310306,25688915,26002201,23610897,25673615,23425644,26146003,23723015,23560600,24189278,24339820
24715669,21222971,24686939,24514307,23344799,22026982,20978386,23280930,24835642,24643036,22773366,23412796,23116991,21320738,21727803,23453665,21550598,22054413,23492431,25161560,24118374,22768164,25174700,23600228,25230541,21977191,25390092,25505313,24713278,23542305,24374155,21926893,22563646,21431738,23044827,20870886,22052713,25089844,25182233,22910896,23706662,22349189,22846225,23839732,22166840,26512405,22446982,23965773,19889174,25195100,20307921,22679666,22502506,22321463,26000135,24638762,23481913,24913074,23606783,22864758,27839859,24040491,22835498,22312380,23628818,24843256,22811644,21123728,23620406,23404685,21690158,21039681,24826405,22339315,24339335,23327994,23242405,22636787,25091392,23111903,20906793,23274314,25888663,25623002,24246964,24953938,23844061,23836985,22801197,25439581,23438467,23058267,23701638,24721286,22095958,24919331,22171625,22334932,24544271,23315995
24725944,22167845,23100807,22180201,19479567,21818835,22510080,19957412,22322934,22344615,21860765,23624644,23316414,21185127,20819476,22608788,20030938,22788855,23987359,23102503,23188311,20740091,23207937,22300051,23920063,21500418,23200703,25206824,22460015,22872431,21743323,21867735,21155984,21498982,19620726,20684178,23187636,25095810,24826425,23284312,23203960,20828837,21323328,22364522,22911302,23231842,21846950,21094724,20404677,23617887,19220901,20926158,20809347,21644403,24149944,22727819,22431606,22973527,23424016,20324895,24330863,24575657,22605908,20577351,21350950,21183761,20617267,21101808,22034927,23200897,20728303,22026761,24337627,20507998,23248103,22117706,21990118,20125158,22135199,22807139,20358447,21854570,23694738,24958166,23572099,23638526,22624150,22553620,23239132,23794251,22598755,22407519,22413054,22989449,20456989,21923527,21104191,21459821,20689880,20609223
25259558,21956802,26554200,24940615,23407668,21188113,22789394,24162154,25169631,25231736,25136896,23756271,22756342,22533265,24766017,24974727,20755889,21589891,22447034,26782980,24986041,22427477,26332128,23192820,25193257,23651460,26167976,25827264,23251726,23879543,23900907,24144927,21518577,24117008,22349576,21231214,21947195,25608869,27145423,25177841,24030350,22993287,22813928,23126119,21853929,26714321,22174575,24564660,21096828,25594488,21334322,22399808,22500145,23174299,26677382,25334442,23263100,25528116,25207894,21462532,27468227,25021388,22146359,22533936,23703860,22685511,23873746,23190089,23185989,25729263,22115049,22903715,27517769,21376133,23947986,23882876,22450855,21734995,24364706,26303302,22284657,22101729,25844154,26983775,24574989,24785489,24342753,23576160,22526315,25091640,24161730,24693443,24641039,25385550,20815471,23854456,22569256,21615835,22830098,21991448
25065152,22464238,27345216,23839044,21841391,22220616,23072873,23522388,24771171,23220434,24806629,25606282,23746133,22152938,23597082,24892618,21564221,21733905,23488160,24795448,25419743,23771177,23251725,23235599,25482722,23404062,24649389,24334875,22097790,22115556,23122601,24535187,21918885,23909782,22436245,22198250,23810566,25978951,27528049,24177230,24412033,20419348,22913066,22845028,21498898,27197095,21768791,24024099,22586532,25904353,21314097,22268058,21524885,23384457,25748595,25486752,22766845,23677184,25380659,20467634,25170070,24166958,22442613,19506044,22377839,23198217,22657647,23386703,22194174,24767756,23599956,22960065,25620999,22052260,22952593,24303693,23569146,22425795,23131903,24911251,22601409,23508625,24284650,25859718,23442489,24781971,23509496,23965553,22900884,24726549,24942526,24624266,23209090,24872460,21562051,22477970,23492050,22220700,22941905,24486757
29296045,26398679,29915151,26557364,24903882,24086849,25362106,26304202,27260411,27206521,26022127,26402592,25253162,24991922,26299382,25773754,22921951,26701643,25010722,28242768,28695462,25779302,29004861,26183121,29497441,26191804,28798266,30260695,26397531,27934852,28145268,27892030,25470913,24388228,24861614,25023142,28404556,29520405,28426452,27155166,27472831,24107883,25986522,26485911,23839975,28218128,24774605,27138615,23365070,29258399,22632284,24846653,25568831,26163476,28133213,27405317,27201254,26934942,27653159,23871867,30003383,29147166,23909540,25042804,27518059,25382778,24773142,25736436,25959202,27093070,25945596,25931020,26960952,25839758,27395771,26305437,28144626,26278968,26647688,27923245,24731381,24165881,27414756,30371436,27108188,29089120,27484741,25738588,25171560,26109848,26406040,26485478,25324447,27820723,24198964,25644027,25296631,26149990,25637680,23423297
29897425,26078138,29708085,28598305,25498628,26227260,26797237,25518883,28370418,28107706,28255642,27496299,27403462,25275792,25681553,26416237,23775089,24591975,27194179,29344666,28303745,25347946,28425971,26839599,29894063,26788063,29948556,30608300,25855248,27763722,27229442,28472502,26454214,26056198,25264817,24499764,29322258,28721335,31964768,29154269,27324393,25045938,26709246,26651363,26707997,29904011,24804432,29545742,24487967,29966830,23324612,24664692,25072468,27477234,28441640,28201831,27776332,27512524,29441510,24123890,29327925,29001276,25569579,25788603,26350263,27282225,25964625,25157312,26540364,29342620,25430675,27084657,28139800,24377485,29609849,27226378,26837839,24888356,27463762,28758123,26477242,25915459,28066352,30595734,26156509,29048448,27663136,28144367,25250093,28374543,28636135,26804915,27611744,28575498,24901443,27127569,25327068,25089508,25456479,26328710
27811207,22878932,26457378,23851588,24817253,23709861,23527306,25593951,26726796,24934784,23516880,24348958,24610251,23683614,23633293,25810106,22442626,22927470,24652144,27508384,26056546,22937309,24605916,22318340,27118808,22850754,25857750,25265457,24431859,25086989,25306745,24576124,23212995,23403761,24233802,24180897,24592464,26097356,27834730,25115137,26404690,21969528,22453058,23593476,24285938,26380290,24340509,25730106,23091383,26539913,22309249,20779337,22990033,23974701,25737482,27017036,25749945,24473334,26187460,23846441,26615715,24846260,22444348,23236325,23477449,24732528,23394120,23596598,23522363,25038563,25547614,23864202,27110370,21907766,26077360,25140295,26472661,21978317,24137791,24056380,21982322,22820476,25924404,26771176,25370057,25981613,24452596,26140334,24061685,25096219,24382441,24885719,24758879,24577518,21807011,25606957,24450727,22718137,23198018,24651111
27431144,23154229,28294667,24492269,24868475,25535978,25471149,24753540,27644455,24753798,26906598,25892763,23960596,23465765,25769668,26232140,22810381,22704981,24712408,28420238,27605478,25596597,27434907,24540148,28092600,23722209,27890701,27760341,24523469,25235796,24546346,25700922,24081941,25602655,24305488,23360526,25463552,26988577,28413934,24876376,26084276,23804623,27499936,24176954,23755250,27876318,23160993,26811795,23029990,29086760,22258482,25121426,24264735,26151058,27949917,27400295,25602774,25784418,27839718,24726810,28110801,27469392,22525835,24949910,24573858,25611796,25099971,24346795,25156752,27065628,24540857,22958281,27792197,24515235,26145115,27490369,25477606,23256044,26892970,26407933,24597669,23999259,27184956,28924749,26983296,28793091,25120310,25021765,23333247,25576145,25808928,25766629,25797890,27011599,24591458,27634029,25410563,25822950,26152138,26382310
26582492,23011850,27455798,25463830,23815672,23980027,25548447,22569101,25819924,24157660,25336569,24405150,24826422,22212909,24832986,23846011,23053310,23299513,23399854,26460799,26147972,23297149,25851586,22895432,27624087,23158165,27987055,28201658,25068394,25448389,23944892,25411991,23383435,23785756,24880343,23192583,26293690,25403296,27216094,25385940,25506148,23041434,24569565,24084579,24643132,26963371,24331296,25586628,22050061,25917919,20444776,23202585,24591383,24063149,26342869,26966584,25693038,26197196,25707436,22379200,26939624,26142811,22599937,23603203,25588852,24997792,24114754,24722298,21595849,25159510,23908109,25125785,28058331,23230637,25854328,23931472,25503506,21271092,25853512,25481043,21559665,24057538,25842723,27119033,25723143,25191152,24353433,26242426,23214516,25225697,24945427,25820379,24861152,25739913,22886619,24119951,22860747,22646730,22997059,23405950
27452498,23122093,26014550,25205122,23691218,23055594,23611733,24144987,26488041,25472334,26273384,24530982,22470733,23359644,25454291,24470895,21202063,24103240,23182085,26218055,27814886,23723739,25877733,23033686,26669006,22821249,27389870,27262205,25346823,24934693,25009619,24559353,22819583,22757980,24708254,22530806,25877911,26387097,27542299,24159861,27510708,23452550,24518069,24958747,24704791,26665816,21797672,26860934,23165339,27507228,20734397,21713961,24660377,25402486,26430372,25632167,25555339,25076357,25711166,21885058,27155027,26447610,22629561,23184787,23818843,25308775,23996654,21984788,24293146,25481559,25361361,24030685,25615839,23478049,27740999,26703769,25540661,22752428,25077024,22928268,22984193,22623239,25619476,27527260,24936358,26279120,24894043,25619368,23579735,25790663,24846612,26138810,23900359,24236900,23322182,26847626,24614447,23570086,23506203,25562438
26303481,23368834,27477465,26456733,24515602,23275263,23872113,25161961,25310497,25038402,24618824,25319055,25253359,21827777,24585017,26259724,22820730,22752737,23742878,25431335,26233036,23403578,26095691,22554446,27666699,24095544,26468142,28167919,24554838,25909871,24391539,25003272,22327324,23386517,24317093,22012842,25473112,28318165,26841321,25016472,25346264,24893597,24857328,23476560,23340689,27696428,24357251,26570604,23215006,26953235,22516594,22960686,24424675,25761560,26466493,26781909,25072554,25415592,25537967,23984188,26579233,27573815,22464418,22952536,24316088,25222816,24873564,24118421,24474602,25734120,23950777,25296597,26105056,23376744,26635320,24017897,25039784,23701309,26170516,26092528,22911084,24644915,26317000,27266793,25620669,27981756,26534895,25163901,24953007,25664829,25080438,24590511,26132339,26323525,22929811,25539621,22450254,24068357,24430456,23724090
27312187,24768911,27539252,26455133,23016203,23942800,23578364,22030779,26541987,26071677,26237334,26876828,25668094,23812112,23591418,24163144,21675945,23602894,24031026,25822490,25379817,23562051,25545012,23996871,26905095,24420427,25801548,28437053,22859551,24971079,25117003,25245675,22033143,22960277,22444987,23197520,25103352,26720970,27467012,25122745,25311611,24137037,22439296,23990531,23463007,27805584,23413377,25575663,22884148,26624082,21578141,22939042,22741609,23401474,27450207,25997198,24793272,26712504,26137365,22636575,27445639,25824784,24493923,22823728,23750192,25285154,24043451,22877442,23878987,25099933,22949462,25574507,26633420,22818934,25767857,25793197,24838087,22790023,25894193,26264565,23600311,23558524,26534790,25805741,23346115,25498870,24051261,25263555,23222022,24410638,26636776,24608159,25768578,25597478,23044994,23443380,24185737,23279481,23725782,24321693
29591106,24665153,29549651,27805448,25633906,23577377,25627996,26195157,27869577,27551896,26707498,26853126,27639884,24652398,25817095,26827907,22727029,25282003,27487819,29332003,28317899,26139062,26955554,25701790,29189364,25783224,28065009,29244634,26475784,27430704,26489981,26254074,26530648,25695219,26309640,23286792,27262035,30169603,30371224,26860758,26818819,22921514,27280179,25802075,25182993,29611776,24380942,27560554,24097578,28869169,22198176,24962250,25776930,27664021,28935899,27496755,26157743,27926206,27446003,24064355,28156769,27224367,24219913,25924796,26261416,26710787,26056999,25363883,26555068,27187088,26751517,27228833,27629326,24883751,26571957,27324533,26606751,27371643,28495789,27352349,23954456,26915190,27128633,29078321,26953463,28399661,27434051,26468413,26784865,25991843,27424265,26924066,26588639,27237228,24735841,27411557,26131356,25830176,26996921,24321186
27195629,22924874,28225352,26657974,26042099,24560857,26230649,26303474,27480676,27106738,26471078,25708635,25672782,23899347,24920602,27094610,23371907,24525605,26432612,27941545,28061683,25139986,27146271,25531454,29139238,24596724,28745322,28930173,26397405,26700620,27978356,27476650,24711665,26284299,25674845,24693986,27103675,28743280,29159529,26961659,27797833,23456382,25581835,25942794,25573742,29442397,26145902,26067672,23420857,28768568,22628457,24727551,24580314,26311242,28446640,27574170,26281155,26192127,27900543,25750248,29120709,28570223,23788943,25121452,26037664,26011126,26966947,26013334,23069689,26337338,27319086,25524826,27815602,24701390,27551186,26920680,27678510,24587209,27290067,28546806,24283366,25369653,28669991,29899203,27743624,30694698,26667924,27713707,25831806,27721551,27476426,26749601,25081307,28319340,23402788,26404855,26027085,24563353,25390518,26654398
30266489,26245703,28919447,27894533,25550661,25492245,25811587,26293534,28935621,29664900,28250543,25604661,27579402,25544082,27105343,27138747,24847545,27012278,26502529,30766100,28591042,26152256,30205136,26664261,30330515,25645434,29301756,30242778,27464649,27846267,27809775,26963439,25126828,26242230,26997440,23678075,28399975,29083533,31599505,27777743,29105701,25018783,26031571,27271391,26967034,28555482,26707633,27716183,24470553,28903127,23579684,24750416,26462778,27463882,30197834,28231985,28702674,28626106,28272886,25685161,30693697,28718442,26064904,26589480,26545718,27149368,27240339,25939117,26012448,29754242,26515634,27855979,30046931,25663931,29139810,27987373,28766125,24626827,29102409,29584677,25455928,24880049,28077475,29047548,27211843,29993585,28282703,27018122,25612771,27541327,27761895,26968888,26048798,28440214,24103155,27916290,26672319,26107295,27238696,25949293
30248615,24543520,28336380,26891601,25286030,24308597,25816685,24868428,28802863,27039995,27588839,25819840,26606735,24574925,24822971,25204883,24521000,24116063,26218857,29051473,29597373,25432681,29115826,25611458,29500958,26703067,28507214,30020591,26020876,26387874,27908721,27276896,24847908,25498851,25232531,24997158,28349627,28104512,29494451,27966090,27901655,24097456,26132802,25707916,26324693,30286916,25104956,27494329,24241725,28550264,23738860,24747390,26380488,25974098,28049956,26672193,26631201,27232135,27320654,22802430,29105089,28820180,24951650,24753747,26620789,25218895,25959112,24593509,25298392,26667660,25371645,26812577,27933318,24933882,28088309,27403863,28665018,26239857,26478466,26377453,23486189,24454816,27257026,28749278,26329784,28102672,26369435,26791124,24522551,28809334,26555115,27400945,25853429,27480195,24828363,26701913,26207699,24714272,26390994,26357861
26686154,21541169,26109623,25244001,22858268,22570111,23682811,23636278,23926952,25416723,26340050,23154195,24067807,24259530,23470190,24841370,20887094,22215393,22609015,27436431,25616742,24365050,27037651,22674275,26258746,23016285,26384672,27573942,24090007,24121509,24081369,23668048,22475501,23141605,23404426,21969066,24813604,25381004,27938923,24057864,24936162,22787652,23827317,23650260,24500470,27141778,22636047,25719306,22999283,27675937,21152552,20977907,23006030,25150192,24758223,26265409,24238495,25844241,26099095,22275436,27377526,25025917,23448940,21233542,24111273,24356321,23431751,24035756,22100760,26150242,23828819,23631619,27367120,24210958,25364010,23795646,24533430,22396368,25526535,25126345,22021765,23293441,26387874,26746217,22566134,26341883,24147349,24106767,22352938,25581620,24419023,27020120,24454661,26041127,22957198,24958339,23147614,22814859,24591720,23065183
29298997,25332376,27927437,25872503,24963090,24120514,24692590,25241420,26080235,24125087,25570359,26602904,25011477,24613269,26022698,25232886,22877663,24123535,23981268,27283835,25774395,24947126,26959727,25330406,27876431,24521373,27988607,27266989,25696685,25004691,27167550,24038460,25547853,23461226,24828480,22359137,25852588,27407187,28914388,24705625,25771584,23372606,23900936,25920749,25299166,27981990,23028076,26190658,23792666,27929217,22025907,23381692,25818685,24610417,26832130,27689092,26599694,26446559,26824270,23326941,27700187,26672720,23169747,23573435,24786413,25244486,25139783,24592538,25513325,26238553,25984737,24195039,26218360,23032405,26396638,26509571,26404360,22860455,25917154,26340067,24001040,24654990,24980673,28879112,24036454,27823866,26950619,25809182,23800344,24333328,26913012,26674470,25398856,25916745,23318802,26228921,24996277,24806154,25216272,24329407
27915654,25094037,27730396,27022955,24433718,23351647,26229639,25177816,26466918,26220477,26790206,25921629,24807557,24612962,25391029,26952483,23806187,24236307,25717605,29508477,27959671,25953635,26004784,24277298,27598477,24270223,27804514,29832082,25454047,26497795,26550375,25730191,23231853,26577728,24848165,24758277,26706363,27890014,28943373,28837748,27051428,24447783,25635566,25144486,25930681,28484649,24160658,26510083,23560521,27302929,22344820,24782526,24984827,26695409,28396492,28879275,26274569,27245340,27695774,23653276,28776816,28076998,24702523,24155058,26736302,25813059,24859572,25717167,25447518,28254580,25854675,26936142,27943858,25656454,26274142,26011531,25802021,23949666,26607095,27567178,22835071,25433643,27483491,28417016,25424992,27542368,26380411,26394289,25425134,26586317,26620248,26326498,25628060,26908633,23318868,26809666,25471344,23210732,25138678,26006616
26390818,21323364,26298010,25584977,22470193,23503578,25072952,23146311,25443340,25294941,25393090,23126791,22640563,21491196,23679913,22914587,21242455,22174424,24527814,24287117,24989808,22710768,25691751,25221990,26028787,22743959,25453827,25885257,24571243,24899211,24906640,24730561,21924969,22446644,23105324,22377796,24243545,25830605,28384004,24260439,24788402,23971153,24059576,23722626,22868558,26996605,23126091,25523823,21104073,24781523,20121521,21667278,23259704,23766843,25994868,26214571,24757232,26103570,25349768,23139612,25407016,23302699,23475533,24149873,24763122,24086721,23302711,23612773,22938039,27442299,22597144,24285694,26485238,20474440,25909961,23591268,23968645,22578519,24913096,25467443,22093606,21353026,24213352,26092986,24595922,26485556,24038304,24208282,21689974,25184044,25288280,23851153,23328322,25168946,22431802,24599467,23223754,22937301,24166565,23418318
27409620,24371633,27106456,25110031,22924917,23630252,24633264,23813869,25887058,26323942,27516251,24430621,24168778,24284440,26138176,23488744,23338905,24504908,23219217,27520042,28324596,25434629,24621978,24237719,27009352,24869018,28876776,27203317,24672569,26912561,26478349,25749558,22895070,24208775,23831870,23216906,28254972,27963616,28515522,27238408,25220271,23858430,25142768,23323189,22927235,26919499,23797738,25345285,23098630,25666194,21133444,24567978,24835877,23245800,26522017,27702054,25175986,25583322,27503365,23382886,28143478,27075522,23462259,23524092,26535376,26131103,25188550,24731686,21890737,27208657,25858588,27454750,28083014,23941708,27569161,25089425,26083360,23317961,27109358,26033789,23110512,22959984,26554063,26895420,25095875,25785824,24624044,23259071,23317505,25563521,26050664,26425138,26336888,27049828,22914390,24077536,24500319,23717620,24125400,23994812
26033341,24805413,27463558,25375884,22706260,23797485,24675733,23638809,25109740,25190673,26570775,23917031,24530157,22697216,23343225,24631284,21718720,24499948,23634973,26091384,26234866,24860397,26975059,24700292,26456377,23508308,26407090,27358045,24910316,25293776,26320715,23694481,22533492,24191445,23567717,22401036,24361190,26391950,27845424,25364064,25818455,23843617,23699009,24750053,21866125,27255280,22030861,26220125,21734906,26526783,20255981,24012083,23536206,24837048,27393837,26241615,24145815,24953297,26150678,22797909,27729126,26510449,23904277,23343805,24959731,24395704,24044555,24826632,23223570,25907791,24135215,24129571,25942935,22040122,24040209,25648103,23977258,23275730,25404354,25995700,24687862,23137145,25766780,26135792,24058085,27623569,24850704,25043580,23279010,23765687,25521150,25039493,23963472,26525878,22365661,23972118,22661429,23887565,24060244,23902952
26467638,22254797,25589070,24409165,23255807,24007900,24983594,23816497,25057894,25452525,25059516,24863791,23594524,22414483,23653809,23185188,21587146,21996884,22987377,26684667,25186053,23465218,25210676,23273451,26318170,23962993,26846136,26369917,25721484,24339828,23906627,25075701,23143604,22941222,24679580,20104718,24862243,26154402,27456668,24618840,25905862,20539367,25238263,24085328,23029824,26899536,23421724,25392845,21906867,26013864,21667046,24086633,23849402,24000807,26406710,25490677,25524233,23472005,24295746,22723684,26272414,25382022,21868164,23149170,22704927,24538767,23655916,23395855,23301778,25175039,23022706,23946026,25364923,23020057,26506015,24691071,25089784,24219418,26325668,24298055,22037208,22524633,26247207,26662068,24739060,25653295,24555338,24761635,24319436,24226037,23979272,23803829,24206224,25702151,22185874,24782333,23238166,23379395,23479397,24379463
26653438,23345060,27136058,25274051,23834173,24978000,24542846,24536527,26467882,25168682,25733491,23348909,23535190,23798751,23531393,23716674,23459529,25026198,24152385,26993126,25799947,24066220,26185716,25670117,25986626,24694043,26553472,27573167,24986789,25336861,27259222,24704038,22996271,25130396,24353405,23762868,25058760,27352599,27041533,27117474,25117104,22751968,25167387,24452684,24233259,27373063,21303712,27201628,21172581,26253341,20662919,23324826,24036344,25650939,26412541,27461634,24882560,24554336,26007886,23037727,27387430,26178593,23881387,23781973,24579875,24678195,25497407,26319326,22813385,26712011,23753874,24253429,27479821,21750206,26540054,25032226,27316440,22674900,25638079,25530075,23598609,22189561,25184406,27144890,22977829,27993224,25483826,24421033,22188281,24542187,25889980,25775414,24971744,25645572,22809304,23899985,23664078,23642853,24072361,23356304
27903984,23515057,25753399,24941905,24187605,22732508,24591767,24111078,25269684,26011217,24952596,24043255,24653871,24551211,23348204,25191908,21626684,22699053,24719386,25648549,26903200,23965669,23743109,23045790,26255376,22747765,25848619,26883838,22992261,25875777,25436035,23837050,24099812,23307941,24369221,22627162,24595974,25327171,29556914,25255960,27408830,23867829,22589125,24116726,23711016,26320809,23667900,25533189,22230854,26518720,21955871,21862220,23421626,23734939,26018981,26734877,26028489,26033900,26465290,23910981,27074107,27411034,23499025,23161893,24043048,24912112,24851288,24234674,22892397,26400757,25583221,24708509,27012645,23926357,27668731,25355268,26510484,22723979,25754423,24856956,23673793,22214878,26414921,25455434,23769980,27122747,23584482,25990432,25619356,25804459,24983099,25221988,24758043,25371047,22921078,25063789,24590049,23675239,23701575,25876768
28527486,23927278,26541317,25267123,24963370,25956646,24636597,24254237,27694181,24463261,27175313,26185101,24910953,22972778,25181006,25198611,22905347,24213494,24368930,28329530,27273602,24792417,27193162,25339429,27508161,24610040,27856980,29072391,25236099,25888646,27320655,24646355,22921503,24961106,24112698,24587480,27630130,28610056,27916542,25885092,27723195,24598541,25525918,25286681,23853418,27149359,23500768,27739594,23462876,28181905,21176376,25086460,25874882,26514712,27119927,26870779,26366363,25135147,27385879,23827048,27726486,26742155,24134499,25099720,24304610,26331121,24698177,24466052,25772421,26765434,24352346,24699792,27448302,23190825,27179718,27769479,27236921,23775433,26119146,24698125,24095932,23201418,27033289,26570707,25289983,26079232,26012158,25736122,23743272,25464784,27485080,25294620,26179089,27184611,24771531,26934163,23576804,25230999,24744156,26119070
29457440,24734211,29694326,27059703,25319693,25222467,26059829,25551882,28757963,27474684,27436077,26531806,25672196,25356657,25735163,26231700,23044354,25210366,25059747,27353821,28658458,24926812,28037866,26939249,27966039,26252933,28716861,28948815,25937681,27774268,27180680,26966792,24146376,25693424,25330178,24083423,26741485,29516261,29666439,26650374,26841642,24204933,26055927,25458905,24258774,30136981,25082792,26875044,24501078,28679199,24110955,24933151,25534967,25737686,28089981,27198600,26367251,27051420,28310771,24705026,29220677,30196999,24240037,25616783,25249076,26197002,26553776,25069137,25474078,27044886,25866554,26320604,28054072,23162224,28398443,27139584,27515665,25540205,27900503,27766898,23950561,25323245,27865787,29022640,26651766,28511152,26641661,26899184,25109679,27543030,27195284,27057586,26751946,26771586,24655260,26567842,25327330,26557309,25452291,26294469
28594935,23634906,25598825,25246817,23483466,24301393,25661694,24524814,25439734,24825834,25808133,25240936,25822694,23027661,23289414,23695148,22309628,22973975,23390336,26203487,24504003,23424849,25451779,23148482,28939786,23408928,28185091,27475983,24848610,24421818,26625547,24279959,25135284,23310465,24753768,21318330,24216690,27469629,28382186,25801534,26275594,22099878,23510926,25426933,23392796,25905341,24712216,23601142,21855842,27518430,21394374,22705787,24854066,24520112,25392638,26471491,25330989,25837342,24124486,23197693,27292579,25370404,23033465,24505411,23937701,25281766,23346246,25240756,24836984,25151899,23748785,23806785,25753735,23442251,26043890,25212603,26239421,22036031,24710165,25972147,20886826,21520767,25153656,27468327,25096566,25587962,24526608,24845858,23906326,24619895,23232698,24166775,22971713,25874402,22413247,24825841,23317727,23904886,23031722,22481687
27152399,22477722,23944632,24461185,22700709,22012742,23847682,23124206,24178238,24829698,25254268,24485637,24324705,22287912,22951023,24188507,22926659,21409235,24281043,25538685,24778917,23136621,24251977,23055204,24668274,20564176,24606264,26375610,23024141,23981743,24483572,23476899,22320282,23911716,22776070,23701463,24799360,25091818,26573759,24697557,25135100,23286644,21785534,24260473,24061441,27506506,22420937,23878626,20221431,25287539,21852644,23898228,23388477,22788225,25611736,26501366,26255346,25097732,25334307,21628295,27810082,24944689,24219285,22669838,23465102,24373850,22615704,24065488,23816035,24681399,23740810,24055790,25521150,24779139,25666925,24974592,24051276,22642204,25173017,25391277,22305823,22754134,24147254,25875676,23491852,25713083,24231846,26133226,24201492,24984668,25010006,23860187,22963912,25667079,22099262,23767234,23605175,21330063,23937263,24357829
23333599,19769872,22493071,21332288,19414047,18797487,19646518,19822263,21994409,20359378,19768409,20711762,20071295,19447710,19385107,19979892,18866523,18573005,21439673,24040913,20854828,19020269,22278582,21643430,23593341,18244873,20987778,22106469,20426956,21445669,23321970,18885826,17964706,19876605,18610927,19940930,21790615,22140760,22504127,19799910,21393280,18354102,19842028,20196153,19077339,23168028,19192651,20817220,18459168,22494481,16630594,19315161,20635723,19288793,23106297,22879954,21561208,21974080,21648935,19354165,23057154,21489464,18591328,20454486,21201337,20603539,18344260,20038533,20574748,19754174,21252463,20476665,21975800,17662755,21022158,20536800,20457086,18241947,20518210,22290238,18023857,19176782,21168743,22328278,21221442,21750362,20971892,21262089,20448825,21267860,20642332,21462537,19597729,22850640,18861553,20900275,19326838,17507134,20175728,18630110
26744213,22837527,26690398,25943634,22752681,24197062,24568044,24173529,26135954,25797520,23739266,25574035,24926460,23265051,22355326,24564689,21760623,22968695,24590420,25382372,25390382,22711362,25207454,23545022,27591402,23312105,26583346,27687199,25208806,25492269,26276636,23875311,23342835,24016016,24069628,21431576,24423876,26722746,28351560,26856070,25213441,22939767,23621744,23370126,24050059,27585702,23045756,26050686,22199426,26348226,21098279,20938081,23125195,24390378,26872133,25839308,24401261,26052670,25486461,23169933,25172884,27179481,23190830,24531610,23587428,24715362,24903821,22826689,23500661,25225698,23474982,24261096,26481967,22191029,25500120,24093323,25260091,23404411,25145361,25205497,23221835,24144412,25905866,26537705,24824359,26094707,24509830,27238206,23881643,25880652,24722545,24354506,24309555,25046021,21616376,25592451,22744672,22634688,23926622,25070727
26417736,23198394,26938459,24346570,23208740,22956615,23972254,23581699,25014273,24326756,25884578,24227736,24668682,23472518,23918543,25890904,22048616,22802493,24424345,26310591,25990018,24302147,26466001,22950559,27467394,22730263,27062835,27026190,23553526,23520736,23987459,23418971,24622370,22532775,24649653,21082394,24334231,25142632,29142040,25736526,25260356,23445158,24801639,23470181,22375919,25937709,21931322,25487531,22008040,28093016,22069237,23928965,23855505,24225951,25924790,24691392,25267674,24508058,25707473,22064717,27553580,25059140,21664202,23758928,23446136,24566336,24634730,23158275,23985269,25016895,22603913,22145330,25724259,24477379,25744478,25027328,25048448,22056711,26575676,24002535,22742203,22353831,25614543,26086582,24633635,26474605,23679952,24441420,22855057,23762705,23594962,26486490,23386529,25994877,23585382,23325000,23000108,25056037,25591450,23272293
26456104,21720658,25549200,24677309,22932131,22288932,22383547,22703946,26027231,24860733,23046469,23970269,23290690,22436435,23299284,24385576,20840177,22097314,22832115,25974732,25153196,22348976,25954485,22322877,25725958,21999485,24283017,26496942,24057905,23616018,22966289,22944037,21126227,21404239,22530872,19806203,22168040,26090555,24719460,23349682,25202299,21597079,22740320,23173231,23069046,24855214,21423432,25142697,22222890,24823873,20144626,21820626,21579904,22815828,24471806,24934139,23119668,25333149,24650346,22505986,25540979,24711853,22881715,23238688,22666393,23272605,22235980,21979535,23917063,23326753,22413510,23116770,25593434,20548892,24437974,25742584,25577632,23101398,25950208,23663933,21458295,21721008,25429056,23517436,22650222,24421195,23542410,23561651,22832917,24317051,22398421,21905825,23869499,23442384,21458262,24191366,22394491,23043344,23209476,24053740
29808826,26054318,30273842,26414200,24728668,24890894,25209247,28372501,29226468,27236346,26898168,26560130,25027710,24839583,28322744,28070574,23776983,25893830,28045400,30175931,27766247,25637304,28249836,26198913,28943673,27075410,29962857,28811579,27235720,26700797,28146392,25660761,26115714,26330192,26286062,24798261,27145779,30423548,30759612,26926025,28820459,26882841,25227938,27760085,25364025,28777386,24499018,28252343,24960334,29154486,23944382,24330690,26815139,27304914,28903522,27779478,27055821,27993794,28904080,24973854,30316758,28308538,25667002,25376062,26137718,26121604,25737733,25483290,26159242,28119095,26181376,25562784,29124178,23290494,29167079,27884171,27693628,24866391,26705307,28891159,24883334,25895599,26665290,29801982,26617496,28804266,27080367,27298341,25815792,26875988,28173300,28008867,27182282,28493085,23102320,27091202,24741738,23926798,24825365,25464637
26840085,24374316,28655575,27020136,24139574,22564836,25817267,24749765,26552245,27659349,28338488,25384196,24392589,23959676,25169281,25846381,22821485,23711185,25304633,26488673,26146501,24104165,27849189,25081845,26824283,25088346,27981990,26984245,25954338,27056546,25654253,25838322,24183307,26158797,25068033,24083934,26305814,27066706,27944883,25187947,26671991,24931968,25155410,25179790,23869111,29974136,24328006,26292762,22114827,27561443,22278546,24713262,22858975,25652891,27356526,28383214,25239385,27845047,26903229,23012732,29904923,27111244,24643133,25350032,24986144,25254879,24295251,25119723,25670069,27080977,23745775,25819840,28798648,23254065,26197079,26135436,25573564,23179533,27490666,25924481,24283442,24554271,27278802,27405661,26677852,26534958,25907247,26606103,24184310,25450274,25216077,26244695,25594612,27268760,24029833,26310693,25155843,25528235,24789140,24520466
28041874,24603481,26991898,27632717,23725178,23865199,25883412,25360161,26266562,26961337,26515336,25040333,26961580,24978960,25174724,25531932,23856219,25012448,24984380,28226534,27364291,24399124,27266799,25209951,27158709,23848725,30937156,30181932,25499546,28018103,26225923,25825206,25847643,24920703,25189978,24132069,25925645,27343648,30160902,26604047,27253030,24867350,23520710,25509039,24213593,27869836,24678556,26499019,22274906,29647930,21545928,24351051,25987646,24332115,26492574,27105176,28202458,26488244,27843205,23339042,29028658,28796855,24637632,24707759,25576227,27392821,23896401,26006514,24791857,26554525,24552526,27048940,29644840,25192545,27834760,25887694,24773469,23415447,26965634,27076769,23096305,23099236,27591333,29527688,25337249,27266877,25736675,27900549,24945134,26158832,26424152,27858852,27530125,27803414,23828203,27764566,25644817,24969044,25520620,24530729
27776028,23837472,26523816,24742789,23733141,22536519,24207832,24295349,26371571,26441086,26393926,23605971,25776086,24787031,25330758,24896793,22414452,24524345,24603713,26564052,27503683,24137453,26589721,23372055,27173977,22182998,27355101,26851811,24206023,25122350,26246493,24522948,23884156,24509646,24634812,23754149,25184433,27152673,27891552,26145623,26982399,23515155,22981311,24182963,24434440,26250854,23076328,26688686,23137663,26556181,19613296,22544862,25054351,23337645,27021107,26319605,24824516,26536991,26564983,23559624,28246608,25943134,24131870,23621792,26272759,26284136,25295697,25016273,22741696,25557406,25797147,24555137,28175298,23543309,27574229,25857234,26191788,21721955,25386911,26321576,21918710,24168398,26298792,27289174,24213676,26238234,24224686,26601706,23895639,26133960,25202056,26627243,24601632,23793577,22915150,23959854,25332931,22248859,23158974,24654391
26066397,22627071,26083115,25601413,23270841,22404302,23101995,22709810,24747025,25311472,24481037,24383680,22709849,22707545,23526943,23604980,19840244,22239084,22689432,26133437,23967364,23235428,25285698,23447340,26467765,22647299,25593176,25830869,23564763,24004571,24246684,23746082,22478794,23751522,22054251,21031104,23496000,26423945,26411100,25094658,25959391,22557053,22629851,24425629,22983213,26466034,22709850,26009304,21870291,26246936,19234525,20758996,21854322,23776982,25299657,25251878,23149465,24464661,25275990,21746350,27755181,24751135,22439072,22616003,24287684,23415454,22419641,23280407,23139104,26332932,23223691,22886453,25229370,22249295,25285403,24236331,24095534,22761804,24573388,25252036,20765642,22952467,25731908,26021981,24245926,24843361,24841359,24171330,24655237,24524752,24592717,23774467,24232352,24653220,23119672,24579915,20913805,23044933,21999922,22255233
30893730,26743712,29645730,27697233,26417147,26475891,26719128,26156681,29136175,29962404,28498998,28344728,27333995,26993309,28063037,28557788,25131028,26064603,28343405,28966290,29803505,27602055,31480653,28572308,31745026,27350611,30911938,32794690,28237853,27823900,28060510,28541054,25833298,26886655,26756220,26164178,29977225,29895981,31590340,29296809,29024760,26946376,28622768,27305991,26249311,31306626,26973057,28452569,26185576,30987048,23932076,26813131,28104546,27298107,31917202,29520016,27481311,30194057,29315392,25682558,30337450,30141736,27624146,26394533,27556518,26738117,27675071,27748155,27962650,29788226,25581424,28652870,30843688,26142583,28991074,28829287,29578629,25741054,29987078,30672991,27626488,25662838,29892433,31106439,28115190,31436032,28708968,28322316,26876750,29470224,29472133,27265571,28294292,29651760,26273463,28616111,27139088,27562784,27608716,27033727
30282160,26766766,29901556,29027296,27340237,25149671,26346656,25660763,28206945,28918606,27885089,27741254,25747181,27376579,27886887,28741862,24798191,27158735,26061012,28523260,29912155,26859844,28742254,25717851,29345878,26191079,28593442,31763041,26726932,27080108,28358947,27775031,25366423,25641078,25766387,24982028,28280630,28608776,30442868,29691597,28359344,26138903,25614575,26412049,26328538,30389236,25687248,29454878,25176064,29188232,21807751,25243838,27302734,27629101,27939851,28565371,26784248,28067895,27643380,24981845,30469199,29348537,26677429,25731447,27640631,27142277,26842880,25549247,25030758,28719394,27597202,27043191,30560397,26121982,28730596,29244367,29318213,25387648,28623165,25963671,25879638,26128669,29233754,29409816,26579068,29358665,27211567,27538785,26822434,28934077,27889943,28506471,28725984,27854149,24705587,28812184,27219804,26748877,25962931,29832267
27667439,23251988,26706122,25350485,21961894,22039682,24505485,22445684,26079092,25303460,24791142,25171755,25573805,24177727,24340106,24552302,22558864,23849220,23550326,25013221,25956911,24101343,26551901,23356172,27035997,22518241,25121062,28406143,25325241,24537044,25771981,24869302,23781395,23858543,23616065,21317939,25098818,26434733,28861700,25140383,25481969,24892925,22857052,25862138,25186343,27503142,23044423,25695035,23303015,27337844,22024145,22365956,24601985,22027572,27359927,26800772,25070648,25053830,25250295,21829692,28073943,26074053,23348558,21283014,25155081,24496345,23666083,23792492,24163722,25293678,23859719,25999604,25924148,23486695,24665248,24215758,24343694,22656932,25858593,25740176,24041202,23106050,24863534,26134874,25111193,26718731,24406414,25239084,24167578,24907693,24745317,25398353,24545439,24777420,22762700,23378203,24156661,23832351,24178650,22849883
30295497,25500531,30586063,28458391,25395525,25044412,25770119,27596673,30567036,27659894,27532068,28410743,25146316,26825420,27872491,27224179,24264654,24801951,26885377,29317421,28145581,27352889,28932605,25518543,30445909,26364310,27799021,29857891,26661489,27340625,27403716,28353600,25154250,26328010,25609873,24992455,28006763,28830693,30948421,28271731,28508593,25383908,26367694,26705283,25397449,29612475,25837183,27674064,23893351,30039553,22327723,24452552,26620528,26293885,28493304,29006065,25938538,27436782,28574789,24511892,29384781,28062657,24551315,25079650,25651239,27755636,24854988,25459496,26145122,27569800,25741713,26716473,29541105,26005217,28914306,28348881,28587257,25658925,27720172,26917398,24905591,27008174,28103744,30061483,26859352,27468274,26935396,27488005,26188816,27814615,27171744,28327516,27487883,28746147,24132699,28317577,26450908,24881787,25486634,27173279
27941330,24238769,26348961,25316674,24408638,23549953,24285335,23363073,26550266,25980899,25641064,25187434,25320834,24946469,23878554,24773105,23096379,24250571,25419388,26586940,27124900,26573830,26186262,25982009,27360901,23524076,27423029,28641491,24533698,26063485,25845514,26432878,24178191,24538785,24450240,22903760,25498302,27647531,28031443,27950720,26046201,23157291,24595489,24191699,24623597,28408855,22409395,25407285,22055396,27020442,21636447,22858591,24076485,24394841,27318945,24771500,25807942,25171102,25192973,23393044,28273598,27155491,24498265,23193203,24666599,25002974,25114687,24035746,24642386,26776555,24747116,24615496,26952074,23997750,25896240,26127343,26192938,23317183,25568242,24935109,22160632,23003591,25744329,27826057,25023718,27181699,26323838,26116734,24355475,25600937,27098799,25350734,26379513,25325544,24952142,26782279,24621261,25266216,25174092,25803357
29017161,25639815,29792888,27515416,25268784,24754521,26245546,25986306,29298079,28652929,26952663,26156372,25817547,25442565,27648329,25882217,24287826,25683319,27885397,28702517,30043462,25451405,27689650,26682471,29422639,25316245,30642951,29527569,26406646,26281887,27987346,25011697,25426768,26515426,26926555,25267801,27611133,30382497,29765979,26975571,29324454,25405420,26325558,27401367,25172611,29821796,25463120,27276241,24740573,28143804,23814052,24513816,25873868,27584403,29404382,27398017,26865980,27574414,29063381,24821265,29282923,29011835,25519658,25882970,25739335,27842480,27862614,24501399,25304390,27760081,27878211,25956368,28195711,24259293,30179035,28235145,29346513,25965662,29561144,27785018,26174289,24613028,27650889,28350413,27830713,29896199,28137303,25691032,26008909,26633020,27981947,27995572,26309949,28941042,25668309,26709702,26646301,25752516,26683531,27374423
26243663,21767435,25155391,23630174,23007483,22642224,24196041,24068289,23898954,24644092,25046224,21894003,23158982,23721286,24523167,24194723,21659502,22377595,23012093,25466217,26176778,24613988,26318901,23467489,25152203,22478472,26454846,26636659,23733914,24199988,24776644,24085302,23175941,23401815,24428665,21850541,23395628,25979997,26424906,24399576,25317763,21282375,23233467,22792711,22449182,26921980,21858499,25505664,21716374,25576923,19667509,21845604,23940176,23137987,26194014,25386163,23792897,23332624,25235486,22304396,26538477,25084339,21806694,22556316,22988302,24276790,22958508,23664682,22662615,25228847,22981385,22892484,25261862,23098227,25658304,23747049,25261595,21703216,25172921,24362347,21551616,21844463,25821011,25991506,23967098,26659182,24634670,24298006,22854428,24758292,23821392,24981264,22407969,23870686,21979913,24089660,23121377,21830264,23809574,24266122
27807603,23108316,27071024,25203197,23759592,22824630,23892003,23058726,27332222,26662598,26715885,24339431,25054335,23763107,24595539,24504688,22563384,24248604,24961621,29022983,27514733,24209780,25159498,25278242,27287873,23845766,27672990,27189297,24793821,24801620,24844616,25957848,23414791,24573844,23241672,24870904,26595405,27253384,28443848,25350449,25796159,23322260,26432716,24493776,24994342,28253435,24537113,24541234,22283617,28688024,21789854,23664982,24932211,24798721,27142099,26470340,25804573,25602848,27258403,22651947,28782555,27573322,23918271,22397627,25275292,25288432,24211494,23512305,23470687,26017989,24336060,26462944,28359645,24665552,27216090,26379563,25343726,24224165,26128108,26272668,23006303,23865722,27030761,28135131,25498339,26924058,23958121,25084840,25059207,26085906,26036794,26833859,25978742,26667432,24077712,25299611,24834821,24130293,24288468,23882112
26352619,22337172,25122016,24611929,22835779,23750107,24736967,22653091,26640906,25307040,26024009,24327740,24765353,22681464,23291468,23547933,22402143,24266973,25489908,27681512,26507532,23137346,25764416,25120622,27513990,23262531,26791682,27075178,25833581,24943808,26623454,24050464,21964462,24098739,24443074,21515940,25999020,26447967,27857491,23769618,26094600,21836463,24531577,26112131,24668438,27514916,23710044,26134616,23555747,27154937,20565510,23309836,23498312,24786363,27704580,27031683,26565355,25030314,25128612,24278082,26819332,26945187,23266737,22722657,24663619,25473227,23626008,23094550,24610388,26521983,23981231,24797996,27372590,22317631,26962406,26876249,24547470,23918884,25676544,24718437,23818501,22665375,26778264,27779893,25787593,27006666,24112908,23284050,24557577,26314481,24524701,25227231,24442815,27175387,24242250,25815778,25061394,24079276,25063213,23593484
28584393,23948424,27719856,24715983,24883487,24304183,25040750,25246261,27359724,27374996,27409645,27164756,25123521,24769656,25141599,25246441,23049664,25376289,24549112,29101249,27236000,24981086,27728829,25656775,27698272,24699614,28188476,28653783,26925081,25871545,27817673,26067497,23724468,24539609,24986162,23048038,27161852,28450081,29331886,26741668,27317070,23932468,25018717,26573945,26374462,28357261,25380226,28186246,23902672,29544756,24508100,23637846,24845301,25227231,26254993,27073258,27263726,27393202,26358391,25447990,28600788,27279819,24876346,25003688,25135965,26517699,24655722,24367688,25144774,26189863,25686731,25817779,28772237,24577227,28860045,26515943,26992156,24987727,28184781,25399489,23029303,23318263,27152829,28233187,26081749,27899463,25794873,25667722,24432705,26450012,25594790,26813535,26758049,27716520,22638501,27376502,24717559,25530965,27679718,24101557
27548141,23592414,28095150,25749845,24852317,20916668,25394265,24223430,26006964,26100078,26915539,23972104,23691741,23536020,25873200,25474721,22395989,23140163,22017989,27921802,27412993,24715284,28248843,24750242,28074967,24478018,27221095,27495068,24911538,26209587,25763379,26207404,22991595,23323676,24553580,23459055,26456946,27253139,28832020,25949436,26601761,23909789,25341029,26153282,24386453,27981756,23424289,26758178,23521858,28386594,20529307,23832077,25174143,24203504,26967912,28319801,24739567,26589010,26291958,22368406,27901159,27219575,22739589,24751127,25033570,25190742,24200471,24149521,24513469,25388073,23414627,25363286,27604599,23308623,25822060,26419466,26820837,23531396,25871276,26654452,22757557,23301735,27059303,28684907,25037016,27709704,25435552,26216380,23931826,25261568,25342727,26533276,25263090,26644442,22909597,26342664,26282191,23742516,24071636,24718185
26804705,23394223,26523310,26216607,23102334,23225574,24859027,24097689,25720963,26984511,25572917,23783115,24961281,23639084,26003061,25509309,23287620,24353477,23681487,27415900,27888728,25165462,27505100,25080726,26774914,24305517,27920693,29409646,24995089,26798813,25526636,25575369,22489440,24382601,24624609,24030064,26050806,27416273,27317381,26000385,25298229,24764608,25481581,25275168,24204047,28592579,23771138,25930611,24286038,26552051,21315008,23131797,25815316,26123497,27333433,26231640,25552355,24769098,27305658,23497257,27895304,28499890,23692359,22957680,25299827,24590434,25996094,23584013,25331163,26066780,24642873,26797505,26845302,24023007,27494966,25583023,26664648,23656049,26310307,27873365,25623048,23476154,27857743,27368466,23446368,28537781,26126499,24232622,23851699,25114909,25691903,25738618,24982537,26199089,23904717,25148392,25438837,23734296,23349727,25957275
27909111,24415297,26490139,25718784,23827772,23644972,24865884,24203586,25407616,24958240,28361498,24745655,24101964,23905545,25087837,25305774,21131376,25000442,25220876,25715302,26177126,24164967,26584271,24830330,27771063,23948792,24796589,28097687,25723298,25178505,26022517,23499981,23189860,26920705,23746745,25390454,24820073,26419606,27934883,26281968,26608905,25727606,25071790,24721505,23965928,28978021,21847198,26574448,23455451,28060759,21488661,23083720,24195028,24372199,25934006,27428415,25913340,25727150,26785168,22874541,28782119,26109972,25385858,23729384,26245518,25737101,24286438,23840035,24329949,26762333,24780183,25033236,27553233,23616361,26600835,27030752,25550692,22055915,24939802,25854266,23449104,23602272,26118055,28155742,24603039,27667243,24997578,25533809,24957996,25221446,25800444,25593002,24073265,24902620,22878432,24786310,23822018,23873933,22162206,24605747
25702176,22557461,24272892,23784532,21681660,20893658,23067697,22802518,25571587,24506967,22812193,22364603,23027162,23271973,21263880,22890601,21200867,22543674,22512231,23811773,25222764,22254212,23478164,22196351,24985278,19164382,25883134,24997065,21175035,23582970,23806039,24132609,21644984,22317839,22467037,22510250,23777722,25495223,25215539,22900008,25726236,21181105,22436577,21879890,22005518,24175984,21488678,22537793,20268861,23595506,18116679,20774590,24149025,23950909,24433558,23016579,23094071,23647642,24021801,22588072,24672799,24691791,22588704,23907093,22661547,23365649,23541037,22454609,20794226,23986366,24410759,22847103,25785403,21590458,25155766,22423964,25926348,21551882,23719507,23809933,20966069,21008233,23627702,24972148,24017188,25176692,21899042,22158099,23007846,23745816,23794625,23438160,21627821,23092564,21674043,24520609,23219213,21817661,22709283,22934634
29637372,25889996,27368441,28593326,25243778,23881209,25756754,24662792,27558142,27855716,28152381,26050924,27313271,25833821,26364713,27194777,24891514,24495909,25257176,30199825,29240304,25994643,27400224,24578768,29953263,25606239,29904245,30228645,25690487,25888007,27220548,27038702,24686293,23651776,25456119,24739711,27367958,28732794,30499107,28824865,27615720,26472214,25661666,26849300,26792177,28787040,25800098,28349692,24852826,29015037,22443245,25292121,25878739,26294319,29084515,30175437,27005284,28590802,27208866,25086437,29553858,27719875,27046637,25143759,26792009,28666643,25541201,26442206,26593025,28815958,25572212,26801049,29453708,26315071,28929650,27931480,27086522,24260546,28277493,27375739,23712645,24770630,28588573,28618416,25304078,29080824,26462261,25955431,26498544,28665896,26819680,27352713,27469858,27262669,24736706,27363925,26678578,25850236,26211750,26868061
27543425,24978914,28997690,27860590,25937999,24652255,27317246,23928960,26619227,27751597,28213794,26498420,27123647,23106217,25753259,27165566,25210996,25293710,25975623,29728800,29731786,26302953,29478896,25059245,29495635,25330577,29009397,31287594,26745610,26587331,27899833,27442314,24951317,26372646,26103166,25412155,28450938,27404603,30979684,28242097,28046665,26800339,27275772,26922429,25852576,29327408,25654633,27670065,23980869,29049339,23481482,25778379,26766430,26938289,28769212,27852183,27900269,27360406,28250252,24833930,29877780,28423774,24589044,25948787,28187708,26603350,26944651,25365611,27155592,28894570,25719228,26950473,30070966,27945998,27543780,27762591,27398340,24084302,27843446,27462706,25648246,24919910,29292932,29069966,26702567,29769835,26052929,27348662,25173739,26289532,26789022,26734451,25382511,28376401,25943119,27581152,26913494,27002370,25550020,25592705
27790920,26167187,27858480,26220111,23596455,24951317,26176281,23481446,26457751,25246687,27826844,26558197,25051993,23844025,24767400,25047410,23444625,23887495,23556540,27635585,27282346,26104010,27428120,24737967,28389217,24326050,27956002,28160866,25863449,26802947,26691468,25377258,23835697,25587146,24322265,22365678,27234754,28945833,29450804,26801401,27178521,24088481,26249669,24740428,24406590,29502785,23429256,27660222,23445547,27416524,20944246,25083787,24156168,24094712,26894179,28016911,25372323,26760518,26990281,24800181,28447693,27683853,23627540,24194790,26304521,25544819,25364330,25123354,24610694,27129060,24487384,25236648,28673072,23617653,24989423,27419180,26167147,23952681,26791499,27398248,25128588,24332761,27672811,29612779,26180952,27041673,26103744,26434885,24418690,26250534,25443166,26390710,26221016,27151963,23773683,25327776,25286171,24339660,24484071,24254591
30730008,24896085,27286835,26994026,23617517,23112878,24749826,25638072,25932101,26379370,28078036,25731294,26415547,24921726,27118488,26415639,23186280,24172592,24206274,28907473,29325457,27132496,28031173,25590740,27488118,24977899,27855314,30503917,24510011,28078083,27276290,27232643,24683194,26780385,25241553,23771407,26679255,28815154,29788579,27832872,27863671,26178103,24934408,27250012,24192034,28016304,24469707,27272466,23567907,28283654,22083755,25471892,26303415,25669763,27248318,27558067,26218640,26639115,28860654,23723736,30180934,28724702,24152912,24253087,26988628,25168496,26463412,26398670,24903827,26712502,27570365,26814221,27239728,26202203,28994141,25633815,27254973,24508522,26129392,27387453,24450979,23575567,26011893,28509963,26130833,27620804,27003658,26783253,25446657,26417300,26974697,27862348,25611578,26385732,23819706,25611594,25000205,24460027,23374739,26600257
29228555,25779854,27843553,27863136,26009364,23097705,26197276,25653954,27331643,27659681,26719355,26792024,26979672,26054843,26338129,27954542,23467393,25606806,26308628,29243790,27153973,24757152,27379258,25807249,28649054,24693246,28741443,28233954,25541625,25546916,29680366,26000942,25148012,25282924,24446882,23753340,26492790,29184432,30003563,27937146,26952827,24078679,23428638,25769154,26222808,30042896,25008355,27628273,24893935,27289249,23712506,22130634,24458358,26405250,28195252,27386572,27197509,27587047,26638040,25417382,28886722,26136792,24770358,24887791,27451160,26196925,26291393,25325935,25661174,28869010,27900933,26516750,28710034,23106313,27794353,27525736,27254520,25531499,27213317,28631293,25027216,24562899,26483200,29497157,25211898,28724713,26320311,26973034,25357394,27709165,26990528,26583308,25274547,26670409,24158311,25871188,26097536,23305042,25901628,24172699
26088507,23447187,26325923,25745192,24533680,22595512,25026410,23971911,25527768,25651338,27080864,26224903,24690102,23018041,24362000,25463891,23170998,24045197,25524071,26254061,25551540,24889889,27670368,25008940,27627602,23141899,27034713,28186689,26180309,25250191,24887232,25209479,23791007,23755803,23891065,23813321,24750582,27425399,26935110,26187262,26339039,24271661,24076905,24929284,24591882,29259956,23506991,26067843,21810766,27724045,20748385,25018092,23368741,24583294,26832890,25998075,24674582,26399473,24733669,22594087,27987114,25335586,24511520,23945618,24670911,24064311,24663049,24473284,24409910,26308399,23866591,25130942,26591554,22907521,25393330,27143794,26466675,24350109,27227720,25050660,23109727,24120281,26471417,27200758,26153379,26763961,25647365,27003223,22870243,26783673,24917841,26124942,24041553,26260465,23068498,24962177,23816252,24802124,25398318,24244909
27066930,23268769,26651178,24171499,23125770,23251270,22676899,23017573,24684529,25249567,26026682,23341164,23405786,23776226,23980929,24438306,21763568,23825513,22401040,25990966,25969443,23755975,25727164,23265552,25946501,23389803,26830650,27451581,23369922,24267373,24325944,23021525,21209319,22329814,23967053,21539742,23243262,25876360,27215141,24510793,25713986,21463148,22761724,23329134,22635642,26831919,22118396,26158640,22111296,24381049,21980851,22009098,23287303,23177591,25814408,24710334,24438751,23596075,25151394,22634355,26666406,24730366,22982782,22782826,23222862,24801971,23971486,22535380,21843131,24837092,23569398,23513630,25362780,20910717,25729258,24802384,25371626,21983238,25002170,25315784,22801144,21590560,25863148,25812309,23375288,25009204,24891967,23765231,22353156,24329135,23397419,24833987,25103964,25439982,21657130,22235638,22595991,22327950,23213251,24082130
27215310,21722806,26265637,24727584,21820412,22933825,22640467,21758556,25515491,24726048,24900527,23296987,23815888,23026314,24462769,24324773,21540301,22696471,23701222,26117719,25401137,23891681,26311517,24872798,26472563,24454079,24656921,26836304,22378772,23635928,26087948,24233112,21716558,24241482,22111881,21819252,23920291,26697070,25883996,24577210,24638282,22490057,24833470,23987987,21510770,26600737,22751524,24391879,21709203,24164822,20010410,23809928,23316027,23488385,26375189,24285990,22891416,23606029,25160426,23738321,26265570,25208895,22061965,22947422,24187869,23245029,25425068,23383607,23895767,24945155,23811914,23519443,25281282,21012690,25052226,24745910,25618360,21693084,24969505,25970892,22871489,22540329,24716274,24368928,24102440,26332905,25147225,21745024,22734902,23684888,25583526,24950050,23563183,24284837,21335454,23219579,24255161,23377593,23424037,24168074
26177188,23225618,26827784,26323436,22506218,21501753,25430868,23552896,25210307,25889505,24900044,24396227,23496879,22569396,24376787,23256749,21485261,23328246,24204835,26270604,25626663,23879039,25374280,24234396,26057087,23536144,26132477,26824990,24049782,25625216,26017643,24526633,23321150,23631880,23524102,23204266,23987984,26178370,26915825,24330497,25976335,25162924,22021027,24615510,22741190,27564994,22482524,25969020,22989486,26114317,20691547,22043700,21966834,24414559,26532350,27890186,24686915,26819567,26968381,22040186,27865604,27348536,23522637,22115703,24124557,24349852,23724812,23042093,23858140,26223693,23855122,23786113,26798254,22901968,26134656,25360319,24880991,22910067,25266590,26285292,24942487,22828647,26518063,26991462,23807493,27400420,22725473,24821727,23536617,25259780,25192222,24550902,23314610,25998577,24044667,23933139,24789029,22636328,21785292,24951301
30367519,24261881,27108074,26213589,24449778,23940751,24613418,25765113,26277205,25846707,27448419,25830977,24356475,24853827,27821170,25156771,23299548,25707275,25378973,29026001,27544856,24714985,27067783,24682283,28256797,24935917,28870042,29712863,25952804,25932067,28385409,25193599,25065748,25569428,26230519,25464884,26338931,28341402,27751096,26832796,27471817,23971457,26065280,25517127,24270036,28899883,23133905,26882684,24184652,28788032,21999684,24646642,26441337,25881771,27201821,27552212,27398645,26390660,26627824,22930036,30262458,27054598,23766169,25311075,25738430,28065554,25568673,24942828,26284232,26338820,25205856,25919168,28093681,25211074,28491044,27994096,27391897,24768652,26970242,26822881,23167468,22966443,26627903,29336585,25418428,29046304,27303738,26610465,24928578,24652216,27349020,27333687,26575025,27599696,24824432,26024742,25652489,23676954,25713041,26251053
31198868,25692966,28333088,26274991,26108431,25679829,25819640,26534695,28588582,27631818,26897610,27923415,27228292,25133015,25826368,26426223,25753666,24260920,25262545,29877899,28808541,25737429,28589006,25307798,29766428,25757424,28606678,30494054,27555231,28375393,28130187,27505594,24989709,27015293,26163543,24526058,29046873,29078278,30337401,27906701,28875625,25848881,26822363,27559438,26666810,30367849,26914398,28105691,24831404,30065048,23927659,26260989,27426311,26112727,29090654,29967153,28242142,29285242,28012895,26411641,31367014,30425674,25253014,25756238,27376917,27145061,27226780,25452630,26422284,27467812,26484786,28701595,30069179,26742975,28738368,27268370,28274037,26491157,28208299,28636851,25326504,25247013,28728228,30423532,28077848,29147792,26764822,28048335,26794395,29579676,25488783,25917202,27751345,27782162,24326286,27689349,27001425,25442142,27013895,27995652
25131751,22052755,25894501,23382657,21006570,21006975,23706121,23510093,24068129,24618551,24833899,22738750,22158389,21927847,22627015,24080802,21476126,23247804,23554818,26142658,25009923,22725862,25152038,22529829,25357473,22691934,27087783,25045336,24057696,24351466,24175133,22887070,21759276,22281769,21340315,21627441,24121047,26100311,25545331,25035539,24674235,22866574,22779885,21655279,23075208,26193689,21530331,25231892,19584174,24218358,21457257,21149901,23129853,22090200,25371267,23734980,24426880,22630266,24767339,21296121,25816676,25108871,21730457,22849805,24609998,23206081,22713915,24102397,23733323,25774462,22824130,22475211,23941985,21620687,24913613,24297761,24031641,23205181,24718547,24440641,21393476,21944605,23429573,26575271,23606119,25765274,24807445,24147454,22936618,24382290,23419892,25611891,23324918,24812905,22725634,23602730,22469585,22138537,23503100,21747337
29540468,23734123,28125390,25673082,23040420,23045681,24216664,23816317,27358230,26581370,26626046,27269879,25564347,26297753,24081623,25856547,22141022,23770100,24973287,26468599,26522254,24782426,26707155,25086232,26326555,24415565,27095634,27458126,24672453,25224193,27161856,26813626,23067801,25236772,24155519,23107624,26578054,27838877,28003703,25951160,26787150,24293637,26063008,24828563,23726504,28482011,23086145,27323653,22891377,27809080,22004100,23855919,25717568,22555838,26583017,26716642,24750245,26172262,27102554,22850061,28832096,27599989,23041055,23797476,25616746,25207255,23570383,24885820,25248724,25719409,24514700,26203991,27343299,22566167,27298827,26575493,26038202,24579040,25811045,26293759,23082552,23248686,26560765,27975336,25593736,26201087,25417403,26322114,25168401,26591000,25473457,27478536,25555534,26312858,23595074,25556894,24776592,23907825,25920650,24828378
29311556,25777964,28887005,27547703,24868192,24397701,27190134,25681008,27124367,28610387,27959525,26136374,26572697,26317239,25929422,27378360,24677139,25669972,25567358,28697180,29289566,26234296,28897263,25521789,28827035,25718193,29929747,31383501,26547791,28352661,28708773,27199946,23943728,26164892,26070783,23940183,27876843,29262504,30252719,28514166,28631119,25799403,27899728,26687490,26964398,30755271,25319122,27034660,24282521,28402884,24083340,24784518,26368156,27056484,30122721,29968728,26067300,29047630,28534763,25369704,29481026,28510370,26251156,26560663,26744871,27396381,26122958,26504020,26536020,28617368,25246422,26649703,30457919,25919400,28150780,27414366,28213350,25870941,28148317,29198922,25649517,25393501,30158857,30697005,27613437,30237840,27929568,27293078,26032934,28418569,27303173,27201637,27299452,28561461,24096835,27385533,27131968,24698338,26519018,27400395
26609361,21802040,24785663,25105323,22163915,21387586,23152013,23623679,24114644,25465764,25428751,23238589,23319590,23173353,23315530,22464581,20642998,23810015,23758161,25478211,25366186,23517213,23982217,24437124,25493806,22101038,26254628,26775157,22018205,24366092,25833871,23886663,22634894,23768291,23900376,24264284,24766218,25856215,27566086,24522026,26247829,22091614,22859901,23895002,22791764,25460875,22373251,24471579,21706332,25000295,19637080,20893776,24639274,24684260,25631363,24801878,24647673,24246580,24937793,20972781,25162483,25744553,21839819,23145737,22515920,23424912,22893896,23351648,21927072,25373319,25160872,25434739,24727779,22012500,25901376,24236549,25609295,22038751,23288060,25022249,21987549,20868264,23967378,26681193,22511076,26340029,24484964,24085944,23511234,22873066,25744758,25055697,22816829,24009444,21938571,25472576,24165938,21371026,23162169,22967832
29242695,25635651,28800265,27944669,25458749,24732431,26621031,24610514,28192348,28904431,27913295,26541315,27165786,24668696,26431129,27258167,25118280,24307317,25558617,30822670,29539043,25361286,29053638,26737580,30080688,25003018,29447609,31441162,26119779,28131376,26492290,26289377,24831308,25292357,24399550,24969127,28471085,28847363,30429541,27613616,27797942,26854068,26852013,25368842,25796422,29091326,23996443,28106456,24990871,29225673,22919486,26130057,27227521,25756257,28473573,28704703,27871993,28419731,29100025,26165245,29273006,28907099,25485077,26351923,27362691,26515540,25837879,25017452,24845598,28148501,26236828,27335515,30760815,25612884,28137529,27385589,27743444,24659117,29020090,28246981,25709126,24318405,28304751,28489622,26676865,29293709,26635623,27170105,25337579,28099424,27040850,27782323,27002504,29104211,24219547,28325492,26309425,26112126,26654668,26049728
28941720,26016252,28506595,26628060,25573944,24928775,26080627,25028468,29296004,26949113,25175379,27840141,26665785,26419837,25508533,26321998,24852410,24314299,27146610,29512838,28469119,26572139,29035813,26283311,29780633,24607399,28317303,30551075,25160654,25824435,29090012,26262474,24334734,24706590,25612293,23542163,27173348,28956214,29816234,26056888,28653655,25783167,25472848,26748720,26227735,28295284,25247533,27253936,24567022,27531099,23499138,24144012,24931179,25848853,29506764,28113540,27376337,26774826,28764555,25326550,28857776,27832085,25002449,24788690,24856280,25885053,26052080,25259751,26045496,27427711,27119950,25351416,27546617,25460111,29239532,28030680,28468205,25052917,29221922,27328758,25940742,24699026,27791181,27816623,26807468,28992732,27565110,25583641,26026712,26405049,28692946,27368495,26997927,29995971,25606836,26795683,26088228,26696361,27012403,26451351
30661630,24173975,29175939,28616981,26644583,25517511,26832104,25576385,28152494,27985433,26665419,28101320,26984512,26082169,27585664,27914759,23401579,26638679,27859081,29690477,28670082,25926859,27937374,26772774,29975334,26385514,28211317,30471105,27846661,27872370,28577545,26204278,25883571,23555375,26868235,23293116,26860177,29808942,31297733,27646336,27876348,26500698,26639160,27047524,27445615,28778713,26466581,28371803,25149833,30233184,23737789,25564626,27036821,26291152,28399864,28950423,27455462,27745664,28442187,24764739,28594915,28051638,24623024,26888719,25816963,27688439,25863204,25513631,26011462,26512338,27196278,26519134,28689402,25675638,29550895,29114522,28032170,26432164,29727266,26370553,24345244,25017762,28730525,29207843,26845367,29552118,27799110,28154088,27653708,27158939,27350184,28147024,26928278,27732725,24928558,27476061,25355814,26502909,27312246,27641525
27219251,22371593,26241595,24401589,24224352,23751832,23127449,24363852,24746568,23982569,23845986,25142890,23667573,21822633,25823911,26277925,23598204,20674091,23799823,26274081,26076947,23525235,25259018,22650624,26355306,24444031,25501959,27210891,24656831,23290155,24717323,24640757,22463576,23341578,24238343,22031270,25961388,25260657,27704519,25965257,24583279,22489582,22076884,24719122,22977973,28449815,23324909,26141617,22663118,25858817,22120731,22298388,23879219,24720019,25768769,25742024,24743111,23722243,24648619,21869032,27573610,25900817,21501759,21748301,22061656,22998612,24144758,23391950,24157936,25561958,23527129,23556397,25945841,22937644,24637578,25482381,25610852,22233626,24887355,24187929,23653119,23131807,24363784,27143922,23835573,26460188,25424595,26711626,21959055,25379756,24286736,23820086,24307934,25672547,21367393,23983884,22952929,23496798,23133059,26119291
28812166,24915071,27138252,27834075,23093666,24827297,27108767,25465468,26566394,27085514,27245944,24708898,26727865,24454194,24835523,24975932,23125584,24940393,25045687,27609365,26728857,25289483,26984097,26373370,29356805,24950082,29366502,27685750,27199697,27673581,28374698,26544664,25417498,25892143,25399943,24610500,27470213,28414955,28913471,26731773,27392261,24871389,25001555,25856477,23999015,30274898,26708077,27499761,22844825,27482943,22292030,22876930,25144598,25415329,28815250,27717882,27335477,26928055,27114606,25495139,28692424,28075566,24228676,25279538,26898245,26162591,26255545,27400491,25090269,27241224,27165681,26831693,27650988,23628235,27224020,26340205,27407732,24524794,26362343,28183354,24379109,23473014,26268740,29861525,27257620,29320236,26723441,26136000,26009624,26026742,27032439,26702349,23584747,26741283,25244458,26009713,25734105,24091966,24935503,23968492
27067425,23637250,27363835,25277042,24636951,22358366,23726566,23805907,26389544,26285490,25261334,27209636,25242345,24028533,25319886,25592771,24198589,23909397,25703216,27637691,26957635,23546055,24639000,24849995,27164869,24377394,28354718,27728479,24394721,25273760,26369421,24192763,22795235,24087556,23410302,24001521,25998903,27089097,27427144,27172003,25550799,23986765,24706786,24192816,25657768,27353343,24559430,25077130,22519484,27794357,23389509,23171670,24230165,25741316,28138807,26257442,25601941,26890419,25141301,22750297,26974644,27002048,24792229,24132332,25292188,26669644,24993593,24263435,24557056,25376480,26390231,24952436,27739021,23517205,28023313,25489294,25677859,24073872,26918022,26598022,21702840,23421151,25285465,27859406,24726581,26526444,26098620,25919319,23677155,27553574,26094904,25207702,26342535,26706006,23928416,27016809,24211161,23047890,25476543,24330913
27059818,23227232,26616921,25825686,24211781,23168920,23383979,24970382,26364847,26175057,27609988,23901118,24305209,23448867,24663152,25914323,22909891,24307198,22502153,27091964,25216693,23012321,26651496,23955643,26865754,24410446,26563794,27079288,25725367,25307008,26607216,24758791,21293961,24610289,24035642,23183387,25628829,27613258,26857553,25563893,27046232,23558170,24162999,24843609,22582514,28031635,24306911,26193131,22234209,28471372,22361452,23514858,23926194,25063995,26150457,27054915,25342880,25314292,25429696,24658992,27983951,25965110,24041391,23657418,24765989,26206505,24221916,25273808,23554842,25836441,24318060,24242266,27922973,22328744,27273562,26430340,26501523,23837185,25684242,26853600,23345392,22116807,26675234,26972214,24363718,26640797,25285705,24644718,24212608,26494354,23741820,25281993,24212626,26832022,22344188,24409222,23648859,23590666,24539455,24017945
28974258,25182687,29411673,27517852,25607080,22797303,24974940,25447568,27766600,27576044,28381301,25957897,26147598,23215667,26484571,27552142,23296030,25578277,27320898,30328413,28248006,24879581,27308062,24924439,30017004,26100825,29051023,29103396,25089315,26448218,27769154,26569713,26063827,26718610,25405981,25797027,27744037,29776418,32530677,27161524,28332409,25936562,25209137,28247837,25190508,31066304,25433874,27915369,23586695,29195817,23140485,24968715,26549235,27059204,29210428,28240356,25909342,28065817,26124086,25801012,29561490,27552379,25220299,26569513,29189323,27820285,27324861,25158349,26421940,28821850,26712075,26008539,28494557,24146045,27534820,26884223,27194151,24745046,26310537,28920685,25425263,27086878,27025189,28896566,26455113,28451626,26884027,27336772,25650594,28768126,26404037,26688093,27012570,27193649,23109099,27706887,25560049,24241120,25013341,25810540
26623768,22800943,26465908,25725607,22934263,21600151,23285266,23893302,25049077,24655895,27013821,24251239,23071570,22381253,27248992,24084505,21610374,22873150,23218847,25321118,25225870,23076535,25787473,24971617,27153405,25082427,25971621,26576111,24271342,25584572,24354643,24028659,23168161,22826940,23032320,21748095,24906892,26928316,25794112,23220671,25640116,22683005,25304760,24013968,23666806,26661887,22342209,24608711,23159621,26570034,21739896,22273808,24856273,22449752,25216885,25809837,25263725,24989082,25191332,23136292,26556082,24292616,23067834,23381369,24479658,24800194,22452564,22841576,22715206,25420887,23761565,24615439,27497584,22178002,25858347,25234905,25403662,22642877,26057657,25221247,21647229,21080427,24046553,26476484,24109073,26337274,26382061,24460623,23012930,24167836,23609452,25089064,24092097,25598958,22912390,24873479,23939599,24504473,24879476,22661127
29543857,25151052,28108924,26692994,24996919,24127398,24841260,24256573,29737360,26177072,27485952,25672785,25132252,24857401,25807487,26138049,21872481,25552146,25846597,27216659,27294400,24455977,26474440,23289108,29972206,24724218,27126068,27335322,25091106,25848633,24611904,27527116,25313222,24814999,26011886,25030589,26242785,28222182,29536410,26692667,27816133,24074960,26376154,25788081,24870824,28612707,25611251,27214103,24689471,28654409,21508765,24718285,25430334,26065382,27705588,26138490,26261427,26237394,26147364,24688201,27226052,27028497,24657305,24382676,25625665,26627266,26805710,24722798,24710016,26588666,25977935,26116092,26943129,22458618,27344356,27112248,28216587,23887107,26849326,26278261,24529160,25195282,25650340,27078359,26264978,27320946,26102744,25847810,25700836,26082639,25152480,26528261,25471134,24702598,24530645,26451835,24931797,26165955,23674766,24932290
29101793,25700509,27186178,27770384,24757405,23767509,24703159,24786023,28429343,26229285,26231900,26948483,26316014,25811120,25417054,26752278,24514405,24480766,25558068,29378727,28432530,26238465,25801301,25723542,28662252,24765708,28745666,29663501,24380490,25680678,27550371,26385321,24653886,24800582,24492113,23626026,26327450,27854768,29751151,28306484,26449579,24993612,25838439,25239513,24228399,27750257,24378084,25958357,23826643,27508574,23172628,24525617,25550311,26730939,28184324,27410920,26022491,28586583,28116143,25446269,28693977,28361871,25252094,25066911,26102652,26951539,24352827,25017579,26375998,28060545,25888894,25284188,28292872,25269609,27778704,26798436,26491631,25104852,26886121,27221179,24318958,23959409,26486296,28759386,24706296,28145822,25145551,25756547,25463842,27173358,28110854,26585855,27558109,27261749,25093048,27993760,25930301,24965459,26568716,26126977
27790672,25685327,27530889,26470547,24382852,23747245,26315356,25726938,26611959,26546609,27003192,25624809,24148960,24987267,24548345,25791415,23060268,23534368,24835760,26892467,27322232,24852813,25776063,24992938,27583471,23958232,27800193,27327332,25242707,27434672,26485536,24261861,24027672,25934307,22775008,23837472,26980434,28093166,29040074,26675732,27844640,25187243,24656714,24374787,24975151,28494663,24025364,25571469,23159232,27671311,22323266,23165145,23683388,24123450,26435252,27880143,26692770,25262676,28666611,24570739,28078812,27786744,24336805,23908913,26872556,26059750,24564382,25643279,24824909,28149062,25425263,24650766,27795216,24260920,28363333,26000812,26684968,24197053,26445977,26280056,24332535,24024954,26980011,28369713,25926946,26628070,26115073,26143902,26323937,27105827,26232999,26991773,26179505,26074708,23281518,26443175,25320478,25125648,23096930,24654962
29171440,25095592,30170422,27398556,25823666,26586996,26902604,26179028,28967304,26548970,27503011,27499632,25720978,24977568,26481890,26734246,23472771,25617366,26963044,29613761,28374152,26292351,28724974,26016921,29837875,27185825,29049027,30123719,26423676,27515444,29649426,26655048,25273114,26516208,27372892,25568093,26494709,29431398,32382475,28092788,27618086,24524943,26415179,27870225,25207907,29127334,26165879,29400999,23202386,29930560,22374546,24608306,25598590,26518051,29834834,28283469,27257662,28297796,28106708,24819902,27997323,27717425,25189842,25648652,26184354,26969663,26350458,25543649,26428658,27763197,26979994,26345082,29572448,24766834,28452133,27580944,27127981,25131866,27351865,28631386,24461672,26981941,28623898,29955905,27337611,29254979,27947080,28324389,24945830,27004014,27193497,27566362,26392501,29687879,23274087,27900017,25787442,25140454,26195890,25582417
28213806,25627456,29069317,26593019,25305507,23342617,26374231,26086472,28796879,25877051,25967129,26421333,25383487,25252478,25873930,26863419,22837316,22281303,26539506,27584781,26651023,25559634,26645552,25942190,28715210,25158588,27509170,27494583,25559788,26578818,26725947,25794283,24322811,26090874,23585969,24973897,26162823,28616064,28721252,26376191,26461463,25502363,26503512,24177526,23152256,30397585,24270643,26405528,25112142,28619185,23208291,24544671,23903777,25158743,28343035,28962710,26746220,28131030,28129666,25142026,28191228,28697056,25302205,25196388,24602257,25968854,25441389,25250625,25442884,27449438,24730419,25969502,29015107,23274290,26920675,27518794,27295629,25453981,28286787,28680616,26845125,25177451,27242818,27818690,25735216,29876637,25627060,26575123,25771285,26950544,26895310,25298005,25542903,27883349,24180635,26341223,25912890,25064528,25903386,25606144
28203490,25202128,26402597,26368026,22772502,23512759,25907410,25579347,24817618,26501296,25980538,25727522,25559520,24546708,23977596,25531268,23614939,24663138,24574220,25738643,25586621,24235056,25196445,23860317,27457759,23818980,27068828,28949221,26772313,27379215,26937404,23608680,25256025,26357926,24116223,23067380,26362521,26359394,27257041,26223220,27717363,23870006,23140928,24580586,25623234,29379794,23948951,24785930,22653033,27410737,22260539,21853287,24052235,25167889,27335810,26535673,26241489,27063509,26262303,24947246,27881758,27120092,23761776,24629076,25258132,25669625,24244733,24083264,24517864,26051630,25177936,24817862,27543301,24944037,26237694,25452746,25879453,23033323,25141711,25020627,24187039,24597500,27062965,28288375,26753433,26693445,26870495,27053424,26352036,26692466,24557427,25663530,24337334,25340014,21597974,26209524,24878756,24257703,23224510,25128818
26683059,24464599,27325348,25588744,23974409,23285906,26475448,23472659,25489134,26175776,27147931,26100306,25112676,24419544,24755202,24486558,23214110,24104524,22354053,26545352,26692120,23504051,24933410,25986028,27009461,24738099,28659456,27211700,24396999,25347862,26150054,24290605,21245199,24206883,22333664,23703793,26508922,26933792,27796750,26351366,25751414,24442538,24538953,24180163,25539076,28722420,23122282,25637147,23306559,27863204,22417619,23470708,24807182,24216265,26943299,27137883,25488698,25415206,26928694,23075826,27052974,27057223,23009570,23866337,25430711,25957120,24309814,24117128,23833267,26272734,23949220,24838721,28910480,23461466,25912481,25722627,25279637,22742599,25525276,26017928,23718224,22168025,26348243,29426646,24306531,26419237,25623222,25511690,23695768,26448885,24974614,25272648,25671462,26994652,23317487,25155247,24384149,23303839,23672051,24480282
29903158,25849704,29372755,27075819,24913345,24062986,24110321,25005700,28599857,27254342,27631255,25644300,25909452,25038020,26360333,27170751,24060254,25405938,25437410,28246781,29151809,25619430,27741580,26548643,28196514,26707526,28130183,29107005,24680033,25545698,28609746,25342840,22868622,25880631,24961483,24746214,27073780,27840727,28737385,27783133,27815084,25847545,24751555,26108797,23875547,28578328,24386179,26823976,24170100,26839398,24383694,25542100,26552579,26653188,29616280,27284664,26173016,28544236,27300955,24205997,29194775,28715336,25527049,24030835,26001002,25422268,26371454,25167504,25568641,26889788,26014000,26209518,29777988,22667649,27792417,25829014,28447810,24207863,27063374,26549809,23734713,24810222,26665333,25744409,25350143,27966744,25447489,26036210,24732491,26451480,27932884,28278924,26258168,27301356,23390992,25851769,24403982,25455068,26043375,26293972
26447551,21956040,26522506,25795407,23855080,22308058,24163318,24712785,25624151,25980108,25046188,25521323,24742110,23092112,23133200,23868091,21919573,24946084,24192265,27860758,26823804,24118048,24674928,24936461,26382658,22716661,27854176,27818357,23853159,24928969,25464656,25653618,23984200,24466713,23448689,22289586,25410441,27544591,26895682,25395360,26824439,21981690,24501192,24365778,24683545,25914771,23070491,24129381,21999399,26729750,21431371,23684942,24663342,25140388,26662758,25638781,23617609,24415748,25668949,22425344,26207668,25944118,23061859,23370069,23534639,24997573,23630222,24193495,22827390,24964585,24091398,24229278,26659995,24358934,26512536,25671647,27004898,24174559,26369799,25872645,22429290,22840553,26651201,26572049,24908268,26293840,24507825,25241904,25294604,24984509,25345111,25125847,24145566,25993100,22699293,25004327,23312307,23192469,23000814,25029930
29168785,24084655,29687785,27773733,24383876,26550426,26731351,25528049,27409539,27863968,28170889,27354962,26235039,25386916,25625098,27181292,24945771,24801592,24674700,28258785,27804658,26582636,29624455,26162444,28658255,25972774,28573359,30422927,28423276,27207417,27086165,25384196,23175786,25330208,25410069,23956201,28950733,28379099,29919301,27071860,26551315,26183720,27544871,25255731,26535959,29829119,25258009,27834273,24088586,30532616,24292211,25359761,26743078,25545301,29341708,27352469,26692181,27838459,29250739,24148595,27990144,27382215,24718416,25410351,26117806,27300051,25833599,25917301,27215966,26955998,25115526,26859842,29079851,26016389,28383870,26555631,27604441,23591075,29579351,27303603,25608885,25371227,29626192,28860525,26360439,29387026,27315563,27371926,23944300,27625841,26211042,27978458,25283614,27801903,23670097,27035481,25468683,27287704,27118735,25420934
26321036,21959258,24182813,24351108,22886358,21970849,20919606,23745269,25150067,25710175,25178439,23831849,25014072,22385536,22530742,24045333,22380817,23044644,24047169,26225921,24818484,22641846,23990428,22859325,26144020,21622329,24752559,25721503,24737300,24127603,24116314,24148620,22648139,24538695,23816640,22369389,24926981,25650910,26121367,24667941,26528185,22332322,22051656,24014626,22134330,27910810,23765927,25427320,21046718,26454417,20988832,20898144,23597143,22524126,25416698,25662167,24533492,24451609,26281451,22915317,27082420,25229886,22705205,21708354,23416314,24502764,23415310,23395777,21811879,25258028,25012862,24181250,25509600,23016314,27132068,25340240,25333800,22591141,25492810,24488932,22691979,22465704,24055643,26815893,24982019,25729174,23325051,25497016,23943282,25287879,24505815,26279025,22022941,23402048,21414803,23121060,23955175,23367446,23000347,22875075
28010355,23271089,27200560,25768603,23431425,24138451,23788116,24249919,24876138,26164178,23671634,25633799,25966928,23630183,23315277,25621288,23210321,23422837,25252169,27737313,25696820,24281733,25723678,24976468,26883818,22853482,27336286,27251280,24238681,27024254,25716797,24998474,24070556,24165380,24671371,23756712,25168698,27229182,27991912,25787893,23887978,22443731,24484165,23390858,22194061,27786175,23816234,24448174,21805329,27006606,20002702,23412250,23926040,24563182,27282400,28184158,25253197,26651148,26979853,23911504,28312510,26560661,23493801,23891772,26345195,25084346,23717824,25278894,24302586,26907492,25652009,24876768,25760306,22914177,25530156,24195204,24757603,22744114,25484397,28282860,22308013,23376065,25631172,27527254,25247376,26483538,25347997,26062437,23667958,25964711,26504619,25483016,24393629,25376702,23005686,25422924,23915426,23160625,23633093,24431879
29387647,25608274,30059878,27229353,26250113,23523904,25553571,24943236,28597278,28197658,29410883,26077813,26763440,26052354,26986740,25774807,23559889,24590767,26004026,28735450,28185342,25902781,29466983,26685574,27779896,25428574,28041903,29723383,25685148,28491020,28241844,28033289,23709284,25863942,24908167,24933217,27318749,28790255,29146271,27072576,27724406,25359314,25441614,26748246,25386208,29825903,22499479,26872803,24548689,29741533,22651902,23816661,24119596,24835564,27588440,28897034,27250332,28104790,29419445,24389760,30961112,27681685,26332435,25921883,26717994,27671087,26383303,26110121,25820322,28344799,25392937,26194805,30739995,24307640,28686399,27000522,27748038,25364579,27124245,28470908,24822764,24289426,28060262,28227379,25249931,28900402,27671966,26377954,24280997,25946374,27958045,27831069,27268367,27718837,24571608,25423611,26612252,26195162,27077347,25564990
26361891,22788244,25714758,22956850,23659893,23283422,23301852,23246830,26476949,26031387,25046091,25538268,22824023,23672694,23960049,25474942,22120653,22176529,24297187,28768722,26188643,22795190,25456735,22432135,28102946,22021635,27019336,27487139,24488302,24772267,25583613,23874324,22596339,24508098,23252295,22583472,26589635,26613112,29177420,24590876,25034749,23531992,23671027,24876783,23297218,25769027,23129730,25806988,23127920,26893791,21466214,23057457,25066275,22506850,25337240,26162682,24021750,24447121,25311792,24233664,25666726,27827965,23401677,24557308,24737670,25283072,23913756,22892154,23894474,25625223,25955623,24169250,25587969,23170989,27902110,24815388,25036849,23509068,25924765,26311393,23154494,24045725,25208809,26268719,24564363,25839318,24752086,23486277,24277577,25732438,23854158,23584012,25083834,25449293,20888761,26519672,23401046,22635863,23711813,22869772
27124475,21971239,24835782,24413826,23191377,24122325,23929065,23420673,25197515,25209687,23918691,23062011,24090576,21585964,23449552,24136098,21776029,21510411,23787353,25884557,25964142,21786864,26103495,23766506,26524127,22562061,25246566,26967447,23454090,25413770,25202853,23620169,22192253,22404293,22870307,21839847,24692334,25501466,26387574,24897441,24032829,21967243,22453319,23111829,23696551,26286326,22790564,25305562,20803709,25180857,20644044,22176885,22871061,24123102,25838282,25470074,24433617,24796047,26013675,22766411,25557087,25460194,22919309,23191321,24155339,22867712,24447223,23598145,24002460,25852727,24685893,23038072,25454355,21967232,25073967,23465313,24868500,21641524,25240451,24127543,21134559,22866855,23862610,25125466,24887139,26056857,25650395,24436392,21960098,24749460,25536468,24421786,23085390,25266008,21752954,24341279,23000274,23068729,23421981,23524092
29019880,25481542,29640433,28193587,25954159,24407455,27381881,25061519,27696443,27388304,28120723,27029219,25742679,24745135,28556251,26818141,24345686,24322420,26322983,27923043,28336017,24922062,28632783,25533167,30203354,27436480,29344439,30394289,26753673,28076470,28229690,27310355,25051441,25852369,26847576,23818377,28649812,29741146,30321185,26486821,27219696,24949440,26783536,26176504,26166169,29912364,25838134,26354160,24460384,29951167,22648026,23758496,25317177,26577711,28872531,29242798,25990671,29057103,27473818,25307631,28057339,27646841,23554904,26375512,26177163,26867533,26184279,25380736,25383693,26253108,26435267,26561547,30600001,24807480,27949741,27225610,27019829,24245579,28023741,28886561,24555478,24814747,28540261,31380121,26913912,29505898,28078238,25985698,24895792,27078845,26638575,26688921,26745737,28455137,23869625,27294385,27433491,25048457,26687222,24997717
26977361,23969424,28464415,24439018,24913951,24304710,25036974,25987464,27222496,25734694,27293422,25200839,23679883,22946175,24289803,26703191,24162358,24857248,24748094,26734421,27374918,24515214,26877890,25064391,26429323,24729140,28875495,27748518,24761967,25462434,25807751,25770252,24430647,24976340,24631131,23354004,26919489,28429863,29187139,26509034,28093489,24344212,24863654,25644622,24556500,27642530,23898873,27064280,20636162,27633056,23358267,24943087,24383316,25307774,26303282,25250421,26284515,24507519,26975180,23717926,28236682,25895971,23522915,24902598,24679865,25660342,25314136,24621462,25183841,27943601,24394106,23977150,27736972,23601826,28278038,25968502,26844844,23364774,27595901,25637117,23380417,25152370,26751618,28504762,26008442,26507451,25652289,25754077,24113608,26250554,25888849,26550363,26366261,27327170,22144039,26068839,24993319,25394002,25259469,24192141
28842325,25022206,28443483,27407852,25638228,23042174,26397934,23888727,28163349,27756297,26871137,25900327,27214904,25443337,25442590,25258661,23885515,23165878,25862494,27138189,27066584,25432437,27636231,25662179,30280575,24746169,27973244,29046403,25038661,26871222,27217821,26433960,24683609,25284652,24919310,22386662,27065848,28603301,29359044,26155418,27123087,24445530,25825631,25539341,26622793,30167829,22712714,27029891,24393329,27183271,22457171,24434068,25074626,24543181,30177358,28311729,24818723,28555782,26682862,23573680,28253516,27868878,24947114,24956334,25267535,26954160,26159321,25183180,25817742,27782326,24593817,27167526,28546826,24394048,26655488,27454809,26761436,25724693,27397107,29155003,24593210,26985316,27356579,29470415,25739788,28629373,26706889,27419648,25816543,27569400,27153920,25374788,27384219,27723001,24479934,25689666,26855916,23468176,26071414,25674661
26421424,22400020,25443092,25751716,23027529,23594879,24851960,24402585,24897783,24982803,25822717,23712465,25081154,22621909,23324128,24848135,23099690,23132036,23531436,26799373,27032615,23222263,25768410,24232990,26636367,23924954,26486773,27300971,23993631,25788299,25355812,23717634,23571785,24068256,23728692,20679851,24833318,25245057,27216547,25791194,24900112,22127382,24092558,23255272,24147658,26863537,21320868,25571676,21634054,25709911,19922556,23562242,22836474,24953359,27175714,26017233,24935918,26283519,25449397,23155658,26452919,25267651,22367514,23901415,24459613,24595634,24495237,23118487,23366214,25095036,23826618,24112674,26892115,23286326,25143440,24623708,24092563,21988082,26085920,24511298,20979539,23698390,24752368,26201150,25378186,26002959,24947260,25594859,23040015,25330648,25002506,25927092,24183310,25481729,20795809,25107918,23829127,23262692,23242842,22327202
26992476,21430091,25523794,23380466,23109975,22949566,24106893,23310870,25181616,24024932,23599922,25603681,24306127,22426834,23297651,22841577,22275317,22076044,24440574,26184886,25992616,23563256,25363456,24431745,27319011,21529399,24494414,26708401,25327101,23371956,23802883,24335738,23299911,23047048,22332708,22070056,24756148,25139488,27477446,24871191,24094162,22999166,23271996,24313392,23255716,26659096,22598803,24489050,21205140,26507390,21312918,23241524,23635765,22928334,25591213,25556250,24159013,25195233,24710393,22247318,25918327,25297955,23108281,22607393,23415249,22719890,22332516,22679496,22162459,24395958,24383016,23691385,24973660,22927547,25061506,25817380,24154703,22685011,25241845,24220342,21861549,21742800,23646417,26313895,25622153,26069029,22336401,24522662,22785379,25506072,23719315,24220752,23047011,24587782,21807430,24320652,22939391,24176126,23641137,23745441
28488884,22873524,28274444,26913025,23540112,22884237,23703696,23785700,27245994,26228751,27015739,27042921,24708588,24308125,24340196,27139505,22016651,23451952,25651999,27198874,25958475,23853320,26962182,23602491,27623300,24559633,28108239,28261419,24718892,24961604,25870471,24076159,21732791,23494083,24354273,23102765,27566242,26500743,28863944,24566145,24821358,23672544,24782746,23679590,25169954,27670691,24272188,26508850,23546379,27640187,22530576,22665363,24231735,25551177,28415780,26077318,24637470,26495646,26209626,22728458,26153717,25383980,22614660,24391605,25008277,25694869,24139291,23427536,25085289,25383421,25082421,25449166,26152075,21823080,26595858,25462884,25206655,22754378,26666517,26127488,23323393,24521811,26479056,28170683,24327465,25909523,25336780,25491929,23086356,25293897,25414491,26872146,24770195,26406379,24207402,26392683,25377843,23039046,25102347,23416163
29375794,25661522,28599162,26518038,24483028,25259031,27194590,23961881,27327709,28359512,28658218,27674182,26577296,24410591,25921047,26692792,24086254,23279264,26537943,28327471,28239589,25753028,27817715,26980374,28941988,25486298,28853211,28282467,26229578,26978035,27242282,26883503,24930282,25657030,24660682,23871919,29164091,28690115,31037368,27999932,26005275,26167153,26369573,25823177,25618270,29315800,24353461,28459877,25428711,28183853,22987947,26285131,25290384,25240189,28713611,27489727,26000798,28450017,27044765,24732754,29661275,28019297,24546216,26889652,25792025,26842542,26014424,25007012,26826669,28457278,25048878,26158637,29908475,24450252,26825644,27060031,26089768,24771351,26991548,26974050,24268073,25800684,26926480,28569195,27108509,28364773,27205261,27667894,25821123,26970078,26393737,26149008,25937132,27186317,24327435,26970211,25576345,25611282,27089276,25999049
